0
2
2
0
13
7
35
1
110
51
82
25
44
109
42
13
37
100
48
13
58
30
22
16
0
0
0
0
10
5
4
1
53
26
53
20
31
92
61
16
1
128
45
2
56
62
74
4
52
4
45
3
0
0
0
0
9
3
3
3
67
10
27
28
40
80
52
20
20
135
57
8
38
103
60
7
25
58
17
0
0
0
0
0
12
0
4
2
81
10
27
10
38
83
69
8
10
100
62
2
14
110
44
2
6
127
43
0
44
118
25
45
24
2
2
0
105
33
21
7
25
105
47
7
0
116
52
0
14
109
50
3
18
88
40
8
177
62
29
36
14
98
0
20
59
84
15
26
12
118
27
31
0
93
18
35
45
34
10
19
60
14
17
17
203
4
40
1
0
155
0
29
7
52
1
14
5
39
1
19
0
47
0
17
13
160
4
29
18
203
39
14
122
72
154
0
