8
0
0
0
27
33
44
2
43
137
112
2
28
135
91
0
37
121
30
10
46
38
8
12
0
0
0
0
9
0
0
1
78
23
28
19
38
116
76
8
0
153
63
0
63
117
44
4
72
22
16
4
0
0
0
0
1
0
0
1
102
10
14
12
63
84
53
10
0
131
47
0
11
162
29
0
11
82
7
0
0
4
0
0
0
0
0
0
84
18
24
12
56
88
40
8
0
120
46
0
0
146
34
0
0
144
12
2
10
98
8
16
3
12
7
2
75
53
43
11
31
128
58
7
0
126
60
0
3
132
37
2
3
124
29
4
134
141
20
29
11
58
7
24
24
86
32
26
23
100
36
23
34
74
25
33
26
42
8
24
45
23
3
27
184
0
63
1
113
69
0
106
43
26
0
27
31
49
20
38
26
21
8
35
39
74
0
65
40
143
10
99
176
80
119
23
