5
2
0
1
7
20
18
1
0
57
62
3
0
156
110
10
10
144
50
16
4
52
9
15
0
11
4
15
5
3
0
2
49
37
14
16
35
70
31
14
0
156
21
9
8
139
23
8
19
61
28
14
7
17
24
18
0
1
0
1
69
4
5
4
58
93
19
12
3
188
27
6
2
151
30
1
43
81
38
6
18
10
9
3
0
0
0
0
70
2
14
2
40
93
30
7
2
192
29
3
0
196
24
0
17
130
24
5
19
81
5
3
2
4
4
8
43
25
29
17
23
116
37
10
1
170
32
5
0
148
18
6
0
155
4
1
94
128
4
18
41
27
6
44
38
48
21
31
58
63
24
17
69
54
15
18
45
43
11
21
18
30
18
8
145
25
56
8
164
72
2
64
55
33
15
19
61
23
13
17
68
15
11
10
90
67
10
65
28
114
73
49
56
29
131
0
