8
36
0
0
4
79
21
0
51
89
118
6
39
123
68
2
28
83
23
12
33
20
12
11
0
0
0
0
36
56
0
0
38
160
10
4
7
142
29
6
2
155
29
2
63
101
54
8
52
17
29
6
0
0
0
0
63
8
0
5
72
64
14
12
13
171
13
3
0
187
25
0
17
105
40
0
9
9
14
0
0
0
0
0
44
0
6
8
112
42
33
23
25
146
37
8
0
179
23
0
0
105
21
0
0
40
8
0
14
69
14
15
42
0
12
6
91
54
31
22
20
154
36
8
0
173
24
1
4
162
8
0
7
149
22
10
137
135
20
40
61
76
8
47
60
61
24
19
50
97
16
29
41
75
8
26
49
77
7
21
71
64
5
30
267
25
11
37
30
150
8
52
12
86
2
22
25
16
0
23
34
16
1
21
32
32
7
29
47
28
10
11
217
89
146
14
