0
0
0
0
15
13
2
12
34
39
32
11
37
102
84
5
45
163
63
5
28
117
17
12
27
21
9
11
0
0
0
0
68
13
2
41
66
74
26
40
11
102
34
5
5
124
33
2
74
73
48
7
45
3
19
5
0
0
0
0
43
0
0
21
74
40
19
45
8
126
44
4
4
151
29
0
17
79
26
0
12
4
8
0
0
0
0
0
27
0
0
5
107
39
18
16
18
134
35
3
0
166
22
0
4
119
13
0
7
62
7
8
0
0
0
0
18
0
0
2
75
47
14
24
16
157
36
9
0
170
24
0
0
160
18
0
107
177
12
28
51
13
19
29
16
10
3
17
19
38
7
22
6
87
12
29
16
74
5
33
23
51
4
24
151
69
71
7
239
16
70
49
30
24
6
42
52
36
0
26
25
40
0
29
10
40
0
34
21
22
0
13
38
96
69
3
