0
9
1
2
34
19
33
2
52
116
81
7
32
147
68
13
22
47
44
11
11
6
6
5
0
0
0
0
21
17
1
13
58
46
24
16
20
101
49
6
27
106
65
6
30
34
51
5
10
12
18
0
3
2
3
0
24
0
0
8
75
16
6
25
28
116
40
8
17
132
59
2
12
86
72
2
10
42
56
0
3
4
5
4
6
0
0
2
76
5
6
17
45
89
37
7
1
155
46
0
0
110
68
0
0
118
52
0
68
99
32
29
0
7
0
1
84
10
14
6
64
72
40
12
0
132
41
3
5
117
44
22
5
67
31
15
178
50
41
9
29
29
63
7
53
60
24
39
42
71
21
30
18
80
9
37
24
46
2
50
27
14
23
22
123
19
86
0
36
66
87
23
9
33
14
32
13
49
0
36
9
29
0
16
13
72
35
38
32
68
137
15
26
25
93
0
