11
12
21
4
24
70
117
7
33
101
103
1
15
94
43
4
32
50
20
18
11
0
2
3
0
0
0
0
29
11
16
22
52
63
37
26
16
131
61
4
16
131
65
2
63
49
53
7
15
11
8
6
3
2
1
2
27
7
0
6
100
25
13
14
27
78
53
4
9
100
69
0
10
95
69
0
19
64
37
6
12
3
6
3
35
0
3
0
87
14
25
4
27
85
54
6
7
101
68
0
0
89
51
0
3
97
31
1
14
87
6
21
51
0
3
0
97
25
20
6
21
86
53
6
0
113
57
0
0
106
61
1
0
114
32
2
110
98
14
46
36
32
10
14
61
64
12
9
16
106
46
10
18
84
38
20
24
47
23
38
28
13
14
27
135
0
76
7
115
91
15
93
38
38
6
18
15
70
9
44
32
32
0
38
29
23
1
43
37
71
53
45
80
25
125
6
