5
0
4
3
31
35
53
7
60
125
115
4
29
130
45
0
6
115
10
3
39
69
14
8
24
8
0
0
8
0
4
4
80
20
28
30
37
132
34
15
0
197
19
0
14
193
18
3
99
82
34
7
38
8
6
0
3
0
0
1
106
19
4
11
61
113
24
14
0
179
9
0
8
198
18
0
22
133
39
0
8
43
13
0
0
0
0
0
113
17
10
4
72
114
22
6
0
144
16
0
0
134
24
0
0
148
22
0
4
97
13
0
0
0
0
0
100
35
8
9
46
123
15
12
0
143
32
1
4
147
26
5
4
142
25
5
104
164
22
10
42
30
36
0
21
54
1
34
21
123
10
46
28
112
21
37
37
93
15
35
39
62
9
18
180
24
50
4
62
47
75
0
2
9
1
24
7
15
3
43
19
8
5
26
28
110
2
46
39
177
44
30
119
63
136
0
