10
15
19
2
29
62
57
6
51
117
96
6
24
101
47
0
4
108
20
2
31
70
11
10
20
8
4
4
33
35
31
3
58
47
35
12
12
112
43
5
0
170
36
0
23
122
44
3
64
39
26
3
17
2
4
1
31
4
1
0
87
28
23
4
8
113
52
3
0
150
40
0
11
150
44
1
27
71
15
9
4
2
0
2
41
0
3
0
85
46
29
6
11
142
45
4
0
136
46
0
0
129
36
1
12
117
19
6
10
82
5
17
45
0
14
3
95
62
33
8
10
131
33
2
0
124
44
0
0
123
44
5
0
126
29
5
107
134
30
29
32
27
15
10
26
97
23
16
11
116
32
11
13
112
27
20
24
84
19
47
22
52
23
21
111
5
104
2
114
106
87
1
20
17
1
6
42
60
1
43
28
73
0
41
52
63
3
44
83
82
77
16
62
14
102
0
