14
9
8
3
17
83
84
6
27
144
127
0
35
108
65
4
36
43
9
4
11
0
1
0
0
0
0
0
50
11
8
11
46
71
48
25
2
140
62
6
24
122
59
5
79
36
36
5
11
0
1
0
0
0
0
0
46
0
0
10
79
21
18
30
17
99
55
9
10
117
65
0
15
88
59
0
8
44
14
0
8
57
4
5
52
0
0
4
91
20
13
8
32
85
49
6
0
118
66
0
2
117
77
0
8
109
61
0
116
144
27
19
48
4
0
0
83
57
20
8
13
159
52
6
0
134
60
0
0
95
57
0
0
59
37
0
212
31
29
6
47
65
0
14
32
81
9
16
13
113
21
31
7
71
15
33
7
37
6
30
21
31
2
22
157
0
76
1
53
146
0
65
15
55
0
22
18
64
0
36
8
39
3
34
15
37
2
36
59
89
32
44
126
47
118
15
