5
1
2
2
19
23
41
5
8
132
113
5
30
149
81
0
24
92
38
20
22
25
11
20
0
0
0
0
9
1
2
2
71
18
22
23
36
103
42
11
0
145
57
0
24
95
78
9
48
28
35
11
2
4
2
0
4
0
0
0
92
17
11
12
46
100
41
11
0
144
58
0
9
130
71
0
15
112
43
0
24
39
9
0
0
0
0
0
90
13
13
4
44
106
40
6
0
125
57
0
0
106
48
0
4
100
24
2
4
53
4
7
2
0
0
0
89
16
17
8
53
99
42
10
0
135
49
0
0
138
31
1
0
131
17
10
37
90
0
83
4
16
6
4
30
21
20
21
23
84
36
19
8
90
23
35
12
52
13
23
19
42
9
30
166
25
19
48
20
71
24
159
31
21
6
34
50
48
1
31
24
50
3
45
16
40
9
33
7
102
6
35
168
132
118
28
