0
12
0
4
20
63
49
22
32
118
125
21
16
111
50
11
9
45
1
11
4
1
1
4
0
0
0
0
0
12
0
4
58
45
12
29
67
114
35
18
30
143
31
6
53
51
27
15
12
1
6
5
0
0
0
0
0
0
0
0
92
2
3
3
96
80
28
8
10
139
37
0
19
85
39
1
6
39
8
1
0
4
0
0
0
0
0
0
82
3
13
2
86
75
37
8
0
140
38
0
0
146
21
7
0
101
18
3
0
46
0
2
0
0
0
0
82
13
16
9
55
96
35
10
0
137
49
0
0
162
21
1
0
168
1
1
69
150
14
19
0
0
0
0
32
26
2
14
27
93
19
15
14
86
24
14
13
63
23
49
8
41
9
38
138
18
67
7
30
201
0
79
26
96
0
26
10
85
0
17
26
32
3
35
13
22
8
49
36
62
77
53
94
23
131
6
