7
7
10
0
54
42
56
6
100
74
56
34
29
111
40
12
21
110
29
0
23
28
13
0
0
0
0
0
24
17
18
7
56
38
26
34
46
81
17
42
3
108
61
4
43
43
63
7
24
1
16
3
0
0
0
0
3
8
3
4
64
10
3
21
70
55
19
16
13
123
47
3
11
112
40
3
26
49
14
3
5
0
1
0
0
0
0
0
72
0
0
0
91
37
17
7
31
113
53
3
4
154
38
0
18
107
27
8
19
70
7
18
52
20
13
19
65
0
9
0
75
48
30
7
22
115
58
3
3
124
39
2
10
106
18
20
62
96
62
28
155
20
8
53
55
9
19
19
52
43
41
26
17
93
29
25
28
54
19
41
45
35
27
19
95
24
75
2
55
33
0
50
19
13
4
18
21
29
13
29
9
25
4
12
18
93
18
43
85
103
105
29
67
2
69
0
