0
0
0
0
10
0
12
0
51
39
66
2
75
120
73
8
34
110
25
9
29
26
7
4
0
0
0
0
0
0
0
0
31
0
20
15
54
47
42
35
2
141
34
13
45
93
71
9
36
14
32
4
0
0
0
0
0
0
0
0
32
0
1
13
75
45
17
41
8
177
44
21
10
116
43
7
4
20
16
0
0
22
0
2
0
0
0
0
35
0
5
0
85
45
33
9
11
180
44
7
0
173
35
0
0
127
28
3
49
91
2
54
0
0
0
0
23
8
5
0
37
61
23
7
6
125
26
7
0
134
21
7
2
63
12
11
175
15
2
48
12
103
0
45
4
84
0
32
5
64
0
37
8
88
5
23
0
122
14
16
16
57
0
21
221
0
4
13
10
104
0
44
6
48
0
26
4
72
0
36
6
32
2
6
6
32
2
8
17
105
15
45
196
129
97
34
