5
0
5
0
64
59
64
5
63
132
86
7
26
120
48
0
46
132
70
10
66
64
30
8
0
0
0
0
5
0
5
0
74
27
28
7
98
52
31
13
12
116
44
2
52
85
66
11
41
35
27
7
0
0
0
0
0
0
0
0
87
3
4
4
98
74
41
7
13
128
65
2
29
155
42
4
7
134
25
2
0
47
6
3
0
0
0
0
75
5
22
2
75
57
58
8
0
110
70
0
0
156
54
0
0
179
40
7
27
145
6
44
11
0
1
0
79
22
36
5
37
96
72
5
0
112
60
0
1
100
49
6
1
91
22
12
139
114
38
37
13
35
2
6
47
39
37
15
5
105
37
23
0
83
11
16
2
42
2
22
18
50
13
21
108
25
104
1
11
203
8
34
14
50
6
24
0
51
2
15
0
149
10
11
0
228
4
42
63
116
58
45
90
17
83
4
