5
8
4
3
31
47
61
5
22
126
116
6
0
105
64
11
10
60
2
6
10
6
0
4
0
0
0
0
36
8
4
6
61
47
43
19
9
133
60
6
4
160
35
3
72
70
16
12
42
6
0
4
0
0
0
0
54
0
0
2
79
31
15
9
7
141
33
7
11
144
42
9
74
30
21
15
48
4
0
8
0
0
0
0
39
0
0
3
79
30
8
13
6
137
29
6
6
141
44
5
20
86
37
23
29
64
17
14
10
36
4
14
16
0
0
2
56
32
5
31
7
149
20
18
0
157
33
0
0
148
31
3
0
125
25
6
70
51
8
69
10
26
0
22
21
31
0
24
23
90
2
17
20
96
16
24
27
95
11
29
26
77
8
19
153
23
18
68
110
89
10
105
57
22
6
41
71
51
0
46
40
24
5
39
52
39
3
44
44
89
11
42
188
128
43
79
