4
0
2
0
4
12
28
0
0
74
81
3
20
132
121
15
33
98
61
18
33
35
18
12
0
0
0
0
20
0
2
0
77
23
29
3
16
98
33
5
2
120
46
2
51
56
85
6
35
5
38
4
0
0
0
0
18
0
0
2
93
22
11
16
32
117
21
6
2
152
32
0
19
86
75
0
10
55
27
0
4
7
1
0
8
0
2
2
100
16
25
9
39
109
44
6
0
136
46
0
0
121
57
0
6
102
30
0
10
79
1
2
22
0
2
0
106
21
26
7
33
92
44
7
0
119
55
0
0
111
61
0
0
127
31
0
109
154
9
20
35
12
3
10
93
31
23
17
25
110
42
11
2
91
50
3
16
66
34
16
13
39
13
17
208
24
30
6
61
186
3
128
48
106
10
108
54
84
10
118
64
73
3
104
95
36
8
67
120
51
44
37
161
85
132
0
