14
24
10
0
7
71
58
0
6
139
107
0
8
171
93
12
10
114
11
11
9
36
1
6
6
0
1
1
60
25
10
15
12
85
62
13
8
136
65
1
4
145
31
0
16
110
51
5
33
29
36
6
6
0
1
1
46
1
0
25
46
45
33
22
9
143
56
6
17
131
46
10
23
91
73
5
12
23
29
0
0
0
0
0
54
0
1
1
82
43
16
7
13
133
44
6
11
108
63
8
6
158
40
4
6
92
15
5
11
88
7
20
51
47
16
0
70
68
36
4
8
164
37
1
0
141
39
0
0
125
31
0
0
125
18
5
119
122
25
30
40
167
8
31
15
74
26
7
27
92
15
24
14
93
17
36
10
85
14
29
13
69
12
20
140
15
81
10
20
140
0
80
17
59
0
36
30
28
0
34
32
49
4
55
10
82
11
29
41
104
33
50
120
53
92
25
