2
0
0
0
5
18
14
3
1
64
94
5
4
104
141
13
11
84
55
18
20
28
7
17
8
0
1
1
2
0
0
0
50
21
15
20
29
76
51
12
0
136
53
1
36
98
61
9
58
23
44
11
8
0
1
1
0
0
0
0
74
4
1
7
72
64
28
14
0
132
54
0
26
106
74
0
23
20
31
0
0
0
0
0
0
0
0
0
71
2
8
1
54
72
41
5
0
152
71
1
15
121
54
0
10
77
29
2
11
90
7
30
0
0
0
0
58
26
21
11
40
122
42
10
0
156
47
1
0
119
45
0
0
97
43
2
130
93
9
58
43
44
2
41
16
46
11
37
17
95
16
26
19
88
16
17
8
58
10
26
11
51
4
36
232
6
4
22
175
54
11
100
52
29
9
88
30
63
20
79
46
53
12
73
28
74
20
74
41
56
8
75
163
147
65
53
