6
2
0
0
10
16
26
2
45
63
83
13
34
112
58
18
3
102
38
3
13
72
39
16
12
17
20
17
8
2
0
2
64
19
18
17
43
79
24
24
0
148
28
4
23
89
68
2
38
26
60
4
10
2
14
2
2
0
0
2
87
0
1
8
51
80
21
14
0
183
31
2
8
147
54
1
10
60
29
7
0
2
0
2
0
0
0
0
60
6
1
17
56
66
20
16
8
159
37
2
0
182
37
1
0
136
15
9
15
106
7
10
0
0
0
0
36
18
8
6
67
73
21
13
10
126
47
3
2
129
37
2
14
140
12
4
107
99
21
15
26
42
0
22
23
53
4
26
19
121
13
31
14
86
18
22
15
71
10
44
50
29
15
20
151
0
40
1
137
119
0
118
64
74
9
71
23
89
25
57
16
42
9
19
30
90
26
16
38
194
52
10
68
61
83
0
