7
0
0
1
29
27
45
7
34
148
110
6
20
171
51
0
16
87
15
10
20
8
10
10
0
0
0
0
7
0
0
1
69
16
13
22
28
85
45
12
2
130
34
0
64
73
51
10
41
6
20
5
0
0
0
0
0
0
0
0
88
2
5
5
41
65
19
15
5
141
45
5
33
105
56
10
25
16
20
7
0
0
0
0
0
0
0
0
78
0
2
0
35
37
23
7
7
150
55
8
11
173
50
8
13
121
28
6
41
121
10
12
8
4
4
0
53
10
28
3
23
55
31
11
13
122
54
7
14
123
39
6
6
102
21
5
132
103
34
9
75
32
4
5
41
48
21
26
14
73
35
42
16
61
22
41
88
42
11
39
43
13
12
18
151
4
69
0
248
64
46
34
51
33
0
54
42
45
4
73
14
30
17
45
58
32
4
40
65
101
30
52
96
56
80
4
