6
3
3
0
13
34
23
0
19
82
69
2
53
117
77
9
30
131
30
9
35
44
11
12
0
0
0
0
38
3
3
0
89
60
27
4
14
121
34
3
0
154
33
1
30
94
65
7
31
6
37
4
0
0
0
0
56
0
0
0
99
42
17
8
15
125
47
5
0
173
37
0
10
154
26
0
14
47
11
0
0
0
0
0
55
0
1
0
99
52
20
7
13
140
34
3
0
147
33
0
6
180
8
0
20
109
0
3
0
35
0
5
42
6
4
4
85
81
18
12
8
151
29
2
0
139
31
0
0
138
8
0
0
138
0
6
44
120
8
40
33
15
14
4
38
66
16
18
18
82
23
29
34
57
9
28
25
63
8
32
26
68
7
27
139
39
48
16
47
104
145
0
32
13
20
15
36
27
14
41
71
26
12
39
49
24
12
41
49
51
34
46
151
53
107
13
