3
7
6
0
31
38
43
0
60
101
108
3
31
134
57
2
38
91
11
6
38
12
1
1
0
0
0
0
45
7
8
0
75
52
32
5
14
129
44
5
0
166
44
6
54
92
51
11
45
8
16
1
0
0
0
0
72
0
0
0
72
43
13
10
11
133
53
7
0
149
48
7
1
128
38
17
1
78
40
11
0
12
24
12
71
0
1
0
68
48
16
6
10
119
44
5
0
138
42
2
0
166
16
8
0
131
27
14
0
55
17
20
50
9
12
9
60
73
27
10
6
150
33
1
0
134
30
0
0
132
4
0
5
136
1
6
60
108
18
44
33
69
18
30
27
91
12
24
6
93
6
23
8
67
14
29
16
77
5
20
40
70
8
20
175
21
32
8
59
131
10
80
38
110
0
52
10
83
16
59
15
59
28
48
24
51
4
23
59
56
27
16
173
46
110
3
