0
2
4
0
11
16
21
0
22
67
93
0
18
124
125
17
16
88
16
24
11
8
0
7
0
0
0
0
6
57
14
23
11
88
32
27
12
94
42
0
4
142
35
1
65
97
20
14
52
14
8
8
0
0
0
0
17
58
8
39
42
67
11
58
5
98
42
3
0
137
51
0
29
115
46
0
21
49
14
6
0
11
3
6
15
2
1
6
77
19
13
23
34
78
51
7
0
110
58
0
0
134
40
0
0
133
34
9
11
98
12
15
8
0
1
1
80
5
12
13
36
76
50
8
0
129
59
0
0
133
54
1
0
131
36
1
104
105
29
22
5
16
1
2
69
14
12
19
25
77
40
30
17
103
38
16
38
91
22
33
51
51
16
28
153
16
69
4
38
93
1
158
21
34
5
48
37
43
5
101
50
36
3
47
50
32
0
26
80
84
42
30
154
45
90
7
