5
2
0
5
62
47
30
19
85
93
69
25
21
83
46
6
39
59
15
3
12
2
2
0
0
0
0
0
12
2
0
8
58
60
21
35
19
135
67
7
14
127
84
3
58
49
65
2
14
4
2
0
0
0
0
0
6
0
0
2
89
18
7
14
45
87
57
21
4
122
95
13
35
69
57
7
9
16
6
3
0
8
1
3
0
0
0
0
97
5
14
4
53
61
69
9
4
96
75
7
10
112
54
8
9
99
31
31
16
38
1
73
0
0
0
0
96
26
23
5
48
84
63
5
14
100
59
3
12
94
36
20
12
82
11
61
112
30
0
128
42
30
6
32
34
43
13
18
17
104
30
17
33
83
59
7
26
83
15
46
14
50
0
56
209
22
14
51
98
92
160
18
29
17
19
15
4
70
8
20
6
46
32
4
7
5
10
4
1
63
2
44
136
83
110
59
