19
41
1
33
4
85
37
26
15
177
63
1
45
204
31
24
25
116
8
29
8
28
0
4
6
2
0
0
35
22
2
37
35
103
36
40
1
205
37
5
0
199
23
4
10
134
28
14
49
44
26
9
10
2
2
0
42
0
6
8
58
66
21
17
2
148
41
15
2
174
28
16
17
117
50
18
22
62
44
4
10
75
2
5
45
0
5
6
65
53
15
15
3
142
28
3
2
142
30
6
10
144
28
12
2
165
14
5
25
188
18
17
45
0
4
7
68
60
16
16
5
184
20
3
0
179
31
0
0
183
24
3
5
173
6
18
44
104
10
44
66
23
26
13
56
65
20
23
32
106
18
24
37
108
14
23
18
77
23
44
25
51
14
38
138
19
29
26
91
65
104
26
32
14
10
22
63
14
25
48
47
14
18
35
42
59
10
69
83
109
62
62
98
17
95
0
