0
0
0
0
43
23
38
20
58
132
100
18
32
166
25
1
9
121
1
15
21
21
1
25
8
0
0
0
0
0
0
0
30
3
4
23
84
61
19
40
10
134
21
5
18
120
36
12
64
41
16
21
15
1
2
2
0
0
0
0
28
0
0
4
81
31
8
16
6
147
42
9
0
159
39
8
22
73
27
14
13
2
4
5
0
0
0
0
28
0
2
2
86
13
28
7
21
102
50
7
4
164
45
17
33
97
33
41
14
41
2
41
0
0
0
0
19
0
2
3
79
17
29
23
24
81
59
8
3
104
54
25
5
86
21
40
63
48
0
129
26
16
4
46
32
5
0
19
23
61
12
60
22
48
16
26
28
39
9
54
13
47
13
89
144
18
48
52
106
57
24
127
73
29
7
59
16
43
6
51
26
47
2
31
48
33
0
55
37
157
23
57
47
134
126
11
