7
1
2
2
12
32
17
3
0
122
75
7
22
181
101
6
35
108
35
4
10
27
1
6
0
0
0
0
23
1
2
2
77
20
13
12
22
110
16
14
0
183
5
6
43
141
8
8
92
34
4
10
0
0
0
0
32
0
0
0
106
6
5
7
33
111
10
16
0
189
1
2
38
167
8
1
70
43
12
1
0
0
0
0
32
0
0
0
102
8
15
3
27
93
32
16
0
164
12
10
7
177
4
0
13
59
2
0
0
0
0
0
24
0
0
0
92
41
12
5
16
136
17
7
0
159
6
3
2
154
2
0
2
134
0
6
32
125
0
19
36
38
14
0
22
68
0
16
12
140
0
24
4
151
0
17
10
153
0
17
7
137
0
16
144
116
35
19
70
93
39
0
8
22
0
24
22
31
0
35
9
30
0
33
17
43
0
26
23
151
14
30
168
102
108
4
