3
2
7
0
18
26
39
1
50
76
95
1
35
59
70
0
0
49
16
1
15
40
8
7
14
3
0
3
22
8
14
10
41
41
49
17
15
115
49
5
0
123
41
0
22
107
34
5
74
35
28
9
29
3
5
3
30
2
2
8
78
16
9
17
18
119
27
8
0
183
15
0
30
132
25
1
50
21
44
1
8
0
4
0
29
0
5
0
84
5
8
3
38
96
23
7
0
192
28
0
1
167
24
0
1
40
20
1
0
21
5
8
45
0
5
0
86
13
19
4
21
89
44
6
0
145
49
0
0
141
39
0
0
113
48
5
48
84
11
63
40
41
0
7
75
53
22
8
17
114
41
6
3
114
34
1
13
104
38
9
11
49
20
10
159
21
28
32
16
168
0
36
14
36
9
3
1
28
8
1
18
41
1
14
54
19
16
27
54
64
50
16
123
61
149
3
