0
0
0
0
31
2
32
3
101
66
58
15
24
122
22
4
24
97
10
5
25
12
6
1
0
0
0
0
0
0
0
0
44
18
17
13
40
79
35
22
0
157
38
5
73
101
39
5
40
11
10
1
0
0
0
0
0
0
0
0
53
6
14
5
63
84
30
15
4
156
40
4
21
76
33
0
11
3
4
0
0
0
0
0
0
0
0
0
85
6
19
4
58
113
23
8
4
175
36
1
10
107
33
0
0
102
10
0
34
123
0
13
0
4
0
0
57
42
8
3
34
137
16
7
0
146
24
0
2
118
26
2
2
117
9
2
153
87
9
15
29
20
69
0
16
45
12
19
12
75
8
29
16
76
3
33
8
56
4
46
2
56
11
33
211
3
22
2
51
78
83
0
10
14
12
16
19
66
4
33
12
47
0
23
0
105
6
45
20
189
20
57
298
140
47
17
