0
34
22
0
37
103
103
5
55
120
85
14
21
86
18
11
13
24
2
11
0
0
0
0
0
0
0
0
2
31
17
0
76
55
36
7
38
139
53
10
26
150
44
10
56
38
17
9
0
0
0
0
0
0
0
0
16
0
2
0
103
18
21
6
40
125
35
8
11
143
32
0
17
50
11
0
0
0
0
0
0
0
0
0
30
0
2
0
112
19
21
6
34
114
32
6
2
161
25
0
6
103
19
0
0
90
14
0
24
97
6
25
21
3
5
5
86
49
21
12
20
129
29
4
0
121
37
0
0
119
33
0
0
119
15
0
131
82
23
28
15
39
5
23
14
54
19
17
12
71
17
18
14
62
10
26
26
59
20
21
34
60
15
37
154
1
69
18
18
104
0
178
44
73
5
68
51
72
14
65
39
77
16
64
74
70
42
70
91
99
43
79
118
46
80
22
