14
5
5
4
22
77
57
8
2
160
130
2
5
177
110
6
16
91
21
18
18
15
0
9
0
0
0
0
46
4
4
4
83
60
38
13
10
139
62
3
7
150
53
4
47
80
25
14
68
11
3
6
0
0
0
0
56
0
0
0
135
28
18
7
34
109
48
5
10
137
49
2
39
75
23
11
27
76
10
7
8
94
4
30
53
0
3
0
107
29
8
8
33
109
30
4
10
120
38
0
6
94
27
1
0
118
19
1
22
158
17
33
38
2
4
8
52
52
27
17
7
115
38
4
2
106
34
0
16
97
38
5
22
93
38
5
128
115
22
27
22
28
0
28
25
74
4
41
18
125
17
16
44
115
34
15
56
57
27
24
67
42
12
49
205
36
38
15
175
46
0
97
76
67
0
51
85
60
3
50
101
45
15
37
91
72
29
44
54
140
19
41
132
130
80
16
