0
0
6
0
2
17
27
0
16
76
93
3
28
132
138
2
28
114
60
6
29
49
29
13
4
2
3
3
14
60
40
4
17
50
63
10
8
91
50
5
4
117
59
2
33
79
90
4
34
19
50
5
4
0
3
1
47
63
23
5
73
50
25
22
15
105
49
7
10
130
64
0
27
75
78
0
13
15
20
0
0
0
0
0
44
0
3
3
82
26
24
14
13
110
64
7
6
125
69
0
19
92
65
0
8
87
39
0
53
138
18
27
40
0
13
1
83
26
35
6
19
101
55
5
0
111
69
0
0
94
68
0
0
75
45
0
174
80
33
23
18
54
27
27
36
79
42
13
18
110
41
15
1
86
39
24
10
59
18
21
7
69
4
42
137
15
86
22
102
111
3
112
53
92
8
43
13
85
21
57
13
38
21
58
31
60
10
51
52
108
30
74
105
47
98
30
