1
6
5
0
14
25
30
7
81
84
97
10
59
110
86
1
14
90
27
9
24
28
17
9
0
0
0
0
20
24
9
5
51
48
36
51
21
85
43
45
3
110
58
1
48
83
52
11
45
73
21
9
4
23
1
0
9
10
0
5
66
13
2
43
31
80
18
45
3
132
45
8
10
83
54
9
10
85
12
7
6
23
1
0
0
0
0
0
76
0
9
9
61
99
16
14
0
202
24
6
0
143
33
12
0
40
10
6
0
40
1
3
0
0
0
0
55
14
2
13
63
91
24
16
0
169
26
1
0
161
23
0
3
151
18
2
49
134
36
27
36
49
3
34
16
86
3
13
10
137
11
16
2
131
13
8
12
89
6
15
40
53
7
12
138
16
56
8
38
88
19
55
4
44
3
7
0
63
0
7
2
40
0
4
32
86
15
57
69
136
27
72
169
63
61
7
