2
7
1
0
7
33
9
1
36
179
18
5
12
259
40
43
16
158
29
27
44
51
11
4
7
0
1
0
4
7
1
0
27
58
12
27
45
94
23
32
0
151
26
7
48
103
29
6
82
17
23
4
7
0
1
0
0
0
0
0
32
11
8
17
57
60
16
37
12
150
29
15
20
169
25
6
37
57
17
1
3
0
1
0
0
0
0
0
25
9
2
6
83
46
21
18
15
145
44
8
2
182
28
8
17
145
27
3
20
118
1
13
12
34
0
8
17
1
3
3
50
51
32
15
4
133
37
4
3
150
29
6
3
138
15
6
120
137
27
20
78
43
0
73
21
28
7
22
13
71
26
36
7
60
15
30
40
36
5
31
31
25
22
14
88
28
118
2
99
27
11
111
58
47
17
72
37
58
13
54
19
37
14
50
25
8
6
15
24
48
45
15
17
45
66
2
