0
0
0
0
67
13
25
5
78
60
49
11
0
115
69
0
14
153
72
5
138
92
45
9
78
14
0
0
0
0
0
0
60
2
9
17
52
61
58
15
0
118
48
0
17
102
56
9
67
57
58
18
32
20
12
8
0
0
0
0
78
1
11
4
75
63
44
6
0
127
59
0
4
109
86
9
10
86
76
20
10
53
33
14
0
0
0
0
80
9
14
3
82
75
49
6
0
125
69
0
0
116
64
0
0
120
42
0
63
121
35
17
0
0
0
0
72
14
23
7
37
108
43
8
0
130
52
0
0
114
44
0
0
116
27
3
195
65
20
14
19
28
14
35
44
22
26
32
29
85
29
31
15
82
31
22
20
71
30
23
17
91
21
33
184
61
24
25
45
67
23
147
20
32
18
66
3
89
7
37
15
89
32
26
20
200
36
22
18
246
51
13
151
187
87
17
