12
62
26
0
4
71
59
6
30
109
94
5
49
144
31
4
19
44
2
3
0
0
0
0
0
0
0
0
96
131
34
25
36
99
44
5
0
152
41
5
24
168
38
6
66
46
30
6
0
0
0
0
0
0
0
0
175
9
0
24
52
65
30
13
5
157
42
8
27
131
62
20
25
52
30
1
1
0
1
0
0
0
0
0
206
0
0
0
78
67
18
3
5
140
46
7
9
168
44
9
3
147
35
1
4
95
16
3
31
138
26
3
140
97
29
6
38
125
33
4
0
136
50
0
0
125
39
0
0
120
22
0
23
107
25
3
103
91
55
7
60
182
33
25
19
76
22
11
23
48
23
30
21
47
7
27
26
31
8
43
63
16
38
15
92
0
56
0
62
97
0
47
32
20
3
9
34
41
11
34
23
27
5
25
38
34
42
28
90
31
124
13
37
0
37
0
