0
0
4
0
8
14
22
0
73
66
86
9
54
118
43
9
15
88
17
6
18
16
9
7
0
0
0
0
8
3
10
7
26
46
47
19
8
143
44
9
0
192
34
2
55
122
46
7
33
12
23
4
0
0
0
0
7
3
3
7
72
33
12
37
51
118
28
11
3
140
26
3
27
97
36
2
11
46
24
7
0
14
12
6
6
0
0
0
98
9
21
8
66
94
24
10
1
137
30
0
1
142
17
0
0
104
30
6
0
20
20
8
20
0
0
0
101
32
36
7
35
115
34
6
0
138
18
0
0
138
20
0
0
146
7
1
24
114
1
37
20
14
0
6
45
59
20
16
7
140
22
15
2
140
12
8
5
109
18
10
4
103
6
7
151
91
10
44
17
143
10
78
10
76
4
22
2
61
0
23
6
52
0
28
29
23
2
36
54
36
16
54
230
97
111
4
