20
37
1
4
14
65
36
5
25
108
104
15
5
117
66
14
4
83
14
3
12
40
6
8
4
1
3
2
44
34
1
23
51
46
16
21
23
114
19
12
0
174
21
1
54
107
24
7
66
31
17
6
4
1
3
2
40
0
0
8
77
13
15
23
15
108
21
10
0
148
16
0
26
129
18
1
47
30
14
1
0
0
0
0
29
0
0
3
89
18
16
9
9
128
24
5
0
164
20
0
0
153
19
6
0
62
7
9
0
0
0
0
29
64
9
8
71
38
25
6
12
139
27
6
0
174
25
5
0
155
16
7
0
120
16
24
4
73
3
54
41
173
25
45
15
105
19
15
7
117
18
10
5
122
19
12
6
135
6
11
8
103
13
24
88
77
33
76
26
114
19
99
10
158
19
59
47
94
3
50
55
61
9
33
45
50
0
35
34
96
8
70
135
93
92
18
