12
2
6
0
39
23
71
3
54
80
111
3
26
100
56
0
13
116
31
10
35
42
12
21
10
0
1
1
16
10
6
0
51
39
28
18
35
73
50
14
23
119
74
4
29
101
60
8
65
18
36
7
10
0
1
1
0
6
0
0
53
7
11
19
43
33
38
14
26
74
70
4
52
61
55
6
33
70
45
6
6
23
11
6
0
0
0
0
90
2
15
5
96
63
49
18
23
102
50
5
22
80
50
2
5
83
45
5
6
82
19
15
2
1
2
3
104
9
16
9
80
83
29
18
5
134
42
5
0
108
48
0
0
109
51
0
110
130
22
40
6
27
2
19
33
53
12
16
24
114
21
9
6
131
30
9
12
100
33
15
23
70
20
33
243
23
5
21
35
103
10
150
27
45
9
55
41
121
1
49
57
92
4
47
47
62
6
25
21
113
0
76
244
205
39
80
