0
0
2
2
16
52
42
24
28
167
88
33
8
136
58
20
3
97
11
3
21
36
3
2
10
0
0
0
0
0
2
2
41
37
18
32
45
101
35
19
2
114
38
2
51
89
16
6
97
28
12
3
16
0
0
0
0
0
0
0
77
0
1
2
91
34
12
19
6
97
28
5
42
91
37
0
67
14
23
0
6
0
0
0
0
0
0
0
72
0
0
0
82
64
19
9
9
172
47
6
2
127
41
0
2
17
13
0
0
0
0
0
0
0
0
0
72
0
0
0
80
57
16
15
12
145
40
7
0
130
46
0
0
119
29
0
56
142
17
17
1
6
7
0
49
24
1
6
55
89
12
14
7
105
35
5
28
103
31
22
29
90
30
11
111
83
91
13
101
59
136
0
35
29
1
27
42
42
3
39
0
11
3
0
41
9
3
13
45
64
38
11
33
56
81
0
