17
3
3
1
20
46
35
1
7
117
90
6
28
158
69
7
23
54
3
12
7
0
2
3
0
0
0
0
35
3
3
3
71
60
25
20
3
164
25
8
15
188
19
6
62
64
26
12
11
0
2
3
0
0
0
0
33
0
3
4
89
64
26
17
8
186
26
8
5
206
27
0
18
110
24
0
8
5
3
0
0
0
0
0
30
0
5
3
93
52
27
16
12
145
31
6
0
186
20
0
4
152
20
2
4
81
8
9
0
52
0
16
19
6
9
6
47
70
29
22
7
124
33
6
1
128
27
2
12
137
16
19
8
129
5
32
63
81
0
86
42
31
15
36
27
64
6
25
29
63
9
29
39
25
13
53
49
8
2
67
38
7
1
72
205
7
7
43
283
66
8
25
30
13
0
33
76
44
15
77
50
29
12
47
32
83
20
59
37
202
32
63
233
203
64
14
