6
2
0
0
18
25
29
0
21
56
95
4
41
141
48
10
24
164
22
10
38
44
19
11
0
0
0
0
20
2
0
2
76
61
26
13
8
130
41
3
8
135
29
0
59
67
57
1
16
7
20
1
0
0
0
0
30
0
0
2
109
48
9
10
13
138
32
5
2
174
46
0
16
130
48
0
11
21
12
0
0
0
0
0
32
0
0
0
120
41
8
7
20
126
38
4
0
127
67
0
2
151
47
0
9
124
38
7
22
80
2
48
30
0
2
0
112
53
18
7
17
132
38
3
4
126
48
4
18
117
37
6
25
83
23
9
114
47
19
66
61
93
7
35
73
56
11
12
18
67
17
50
22
39
20
37
63
39
21
25
74
26
14
10
141
0
57
12
38
112
12
56
23
66
2
19
5
18
5
30
4
12
9
17
25
96
16
55
56
147
44
75
138
43
90
13
