9
1
2
2
25
23
40
4
24
73
121
14
20
97
67
12
0
104
38
0
28
105
25
18
40
24
3
21
11
1
2
2
65
8
12
23
34
77
41
10
0
135
43
0
0
124
52
0
44
71
51
6
62
6
24
4
2
0
0
0
79
1
10
12
52
71
25
14
0
127
43
0
0
141
59
0
4
137
53
6
4
35
33
12
0
0
0
0
74
2
14
6
51
82
34
11
0
154
50
0
0
140
50
0
0
133
47
6
13
102
29
26
14
0
2
0
73
3
17
3
37
88
38
5
0
153
53
0
0
147
45
0
2
123
43
0
113
114
45
26
67
13
4
12
86
12
12
20
31
78
27
20
24
111
29
30
15
88
16
41
28
42
12
30
166
4
53
1
156
69
118
9
52
26
2
60
44
66
2
68
31
51
0
60
36
131
14
85
73
133
29
85
145
51
79
23
