3
0
1
0
11
20
17
0
33
69
98
0
33
141
98
0
13
120
18
5
21
45
7
29
12
0
0
8
16
0
2
2
73
34
32
9
24
108
36
4
1
152
41
0
15
179
32
8
80
57
13
22
42
0
0
10
13
0
1
2
84
19
9
26
38
148
31
13
1
177
49
1
9
169
35
7
68
58
20
14
56
0
5
5
0
0
0
0
92
22
7
11
48
154
29
13
2
195
45
2
21
141
53
17
52
76
24
6
32
7
5
0
0
0
2
0
100
21
13
6
58
125
28
7
1
156
47
0
3
150
51
2
6
147
29
2
44
163
14
21
2
9
3
4
48
45
33
18
43
120
33
14
9
124
39
8
0
107
32
1
0
102
20
0
129
87
68
18
77
95
1
139
8
85
7
98
20
70
10
62
35
54
3
40
34
25
0
3
34
126
10
14
71
82
134
5
