24
11
10
3
20
71
34
3
4
112
56
2
13
190
74
21
6
154
24
20
3
37
0
30
2
0
0
10
48
0
3
9
72
29
10
17
13
115
16
8
1
149
8
8
8
148
12
16
36
41
21
48
22
0
6
18
37
0
2
7
78
19
7
18
21
103
24
10
0
169
13
8
3
151
23
11
22
100
16
20
25
14
7
8
38
0
3
5
75
16
14
11
18
114
23
15
25
144
23
24
26
148
28
22
0
122
31
13
0
72
6
10
21
0
0
5
52
30
8
26
8
157
16
13
27
165
28
22
30
117
31
32
0
144
18
12
73
113
4
32
42
27
46
9
39
46
5
36
13
84
8
51
12
96
15
43
21
77
12
38
10
90
9
53
163
41
21
25
48
94
66
16
32
22
4
28
17
60
12
63
15
58
17
52
35
46
1
36
16
149
19
82
127
147
115
41
