2
0
0
0
13
17
21
7
26
103
82
11
31
164
86
13
14
86
11
19
8
14
3
11
0
0
0
0
2
0
0
0
56
4
12
18
64
63
36
13
4
154
26
4
42
104
39
17
46
19
15
12
0
0
0
0
0
0
0
0
82
0
1
1
80
61
18
9
8
167
38
3
28
130
30
4
30
27
9
4
0
0
0
0
0
0
0
0
77
0
2
1
70
79
16
5
3
174
34
3
6
169
16
5
9
66
8
9
11
68
11
12
0
1
0
1
47
20
22
11
46
124
16
12
0
171
16
1
3
137
26
2
3
134
15
8
121
115
27
25
37
3
37
13
41
26
23
26
49
54
18
27
60
73
5
10
55
58
5
24
41
40
11
52
149
20
68
17
111
51
122
32
84
7
25
16
149
15
3
25
85
49
0
10
58
125
2
75
31
109
24
94
75
39
117
15
