4
3
7
6
4
41
26
7
16
154
66
20
28
225
69
28
21
142
26
13
4
39
0
11
3
0
0
3
6
3
7
10
38
28
18
42
21
141
24
26
0
196
18
8
8
169
14
11
52
61
2
47
19
0
0
15
2
0
0
2
79
6
2
17
41
94
12
27
2
171
8
13
5
179
1
5
35
108
3
24
34
14
0
18
0
0
0
0
87
0
2
3
56
93
10
17
2
204
5
17
0
211
5
6
12
119
14
17
6
21
2
7
0
8
2
2
49
24
1
18
39
123
3
23
2
189
7
12
0
204
6
12
5
173
6
10
45
91
2
44
2
46
16
92
28
36
1
49
25
100
0
59
14
119
0
67
16
121
7
66
13
89
3
47
160
44
0
64
4
45
9
88
7
26
7
38
9
32
0
35
12
38
0
38
18
137
18
75
12
243
11
80
223
199
70
18
