0
0
0
0
11
31
22
0
65
102
99
0
50
80
80
0
19
109
59
7
32
52
38
20
0
0
2
4
6
18
6
0
42
81
40
5
40
125
53
4
8
125
63
0
46
60
91
3
41
7
45
3
0
0
2
0
4
17
5
0
81
51
17
11
71
96
51
10
0
145
69
0
8
130
76
0
24
80
16
0
6
4
0
0
0
0
0
0
83
9
14
4
71
90
55
8
0
128
64
0
0
117
59
0
14
129
37
0
40
118
18
16
0
0
0
0
68
26
17
9
56
103
51
10
0
121
55
0
0
116
54
4
4
100
48
4
149
83
44
14
33
60
9
32
23
40
6
25
22
85
32
27
19
60
31
38
9
57
11
29
14
55
14
59
143
23
64
12
138
69
19
64
29
55
7
37
12
29
7
20
28
22
11
35
20
89
11
62
48
155
63
76
109
48
76
13
