4
6
6
0
7
35
29
1
8
110
124
6
18
166
123
1
50
91
40
9
27
7
13
3
0
0
0
0
48
6
6
0
67
73
39
5
11
169
38
6
2
171
46
5
81
69
68
14
42
5
16
3
0
0
0
0
78
0
1
1
79
54
27
6
13
143
49
3
2
174
42
4
21
95
46
12
11
8
7
0
0
0
0
0
85
0
2
1
90
73
27
8
3
125
51
1
0
126
52
0
0
125
51
0
0
110
40
0
75
168
9
10
78
7
2
1
89
83
34
8
0
160
40
2
0
110
60
0
4
96
54
6
4
83
33
14
194
93
28
13
40
155
4
35
37
69
26
22
15
96
20
35
9
67
14
34
6
44
11
45
7
60
5
56
217
48
34
19
135
130
31
28
76
23
25
20
18
16
0
38
11
24
1
32
3
37
8
34
1
154
5
54
193
195
66
28
