12
20
5
3
23
59
80
4
51
140
102
17
26
116
69
17
48
56
28
6
15
4
1
0
0
0
0
0
43
16
5
18
50
75
54
25
6
140
77
3
10
131
88
3
53
40
67
4
15
1
2
0
0
0
0
0
33
0
0
9
84
51
19
24
10
146
65
7
1
131
88
0
8
99
56
3
7
24
6
1
0
4
2
4
32
0
0
0
97
28
19
6
19
108
49
4
0
109
61
0
4
108
62
2
3
114
54
1
68
142
17
35
30
0
9
3
91
29
37
9
22
97
49
4
0
105
57
0
10
90
55
17
6
66
30
16
172
76
50
14
56
56
12
20
51
63
29
31
30
74
29
31
11
61
13
27
31
36
4
53
13
51
2
72
143
28
69
8
157
99
65
29
52
11
0
37
92
26
12
100
46
49
9
58
15
71
0
48
22
114
9
63
110
54
59
23
