4
0
6
0
14
35
48
1
21
78
139
10
18
90
97
19
6
84
36
20
20
50
14
20
10
6
4
0
18
9
15
2
57
51
66
14
17
108
84
3
0
103
75
0
18
96
64
18
57
44
40
15
10
6
4
0
26
5
5
2
91
28
24
9
16
81
53
6
0
116
70
0
14
125
59
0
24
56
16
0
0
0
0
0
30
0
2
0
85
24
16
7
5
112
56
7
0
115
85
0
5
141
34
0
16
87
17
0
2
55
1
10
29
0
0
3
89
24
14
13
10
105
58
7
0
123
67
0
0
136
40
0
0
145
19
0
98
128
8
38
21
26
0
15
39
53
5
21
12
117
29
12
11
76
38
25
6
74
16
40
4
63
6
35
194
25
39
14
66
65
0
53
16
68
1
25
25
57
1
23
31
20
0
43
25
43
0
50
12
155
32
71
115
75
142
10
