0
3
3
0
16
16
44
0
61
63
122
0
52
92
56
0
19
69
36
12
22
11
15
10
0
0
0
0
13
7
6
6
51
31
66
32
23
74
74
11
0
125
59
0
65
91
74
10
46
12
25
7
0
0
0
0
11
3
1
5
95
9
5
37
51
64
34
21
0
115
69
0
26
79
59
0
25
23
12
0
0
31
1
0
12
0
0
0
100
9
16
7
64
74
41
9
0
110
80
0
10
111
71
0
18
95
47
0
90
137
28
5
28
0
0
0
104
8
11
7
35
101
65
11
0
119
93
0
4
100
72
0
6
76
42
2
194
40
52
6
35
66
3
58
95
29
13
15
35
95
47
31
15
96
36
21
19
52
15
18
16
40
8
46
181
21
48
14
21
77
15
93
20
61
10
37
12
64
5
39
16
36
0
24
14
23
0
15
46
44
39
57
126
54
99
31
