4
0
18
0
34
45
57
4
36
119
109
6
4
116
90
0
48
104
62
10
57
17
26
8
0
0
0
0
32
20
39
3
60
50
45
13
16
115
43
6
0
110
70
0
46
76
66
6
48
31
17
6
4
14
2
0
38
9
12
5
86
45
37
12
15
103
51
3
0
96
68
0
8
93
73
0
21
66
66
3
16
16
19
1
36
4
10
8
91
35
29
17
12
69
50
3
0
80
86
0
0
92
80
0
3
89
52
2
23
109
18
24
31
0
14
7
57
48
56
19
7
127
88
4
0
122
84
0
2
117
55
2
2
106
34
2
147
96
15
30
50
21
22
9
57
60
51
20
35
89
62
8
33
63
33
3
61
40
21
12
31
13
6
6
217
0
29
0
147
90
32
31
71
52
6
15
52
39
6
13
57
23
10
20
34
10
2
8
24
107
4
35
166
112
122
12
