7
8
10
3
22
55
52
3
25
108
141
0
30
104
120
0
56
67
70
11
55
13
18
4
0
0
0
0
33
9
15
15
60
74
55
21
17
121
97
3
7
142
75
2
85
62
64
9
55
6
20
5
0
6
0
0
51
0
0
5
94
24
21
11
22
95
65
6
8
130
68
2
59
119
53
15
30
84
34
4
8
14
2
0
46
0
2
4
92
27
22
9
21
102
60
5
5
109
60
0
7
113
42
2
5
108
29
2
36
111
37
16
42
0
6
4
102
47
29
12
15
112
52
5
4
131
47
0
15
121
50
4
20
115
34
11
157
110
64
17
47
32
20
25
44
73
33
24
9
93
49
33
54
71
25
28
53
40
13
30
85
28
9
24
212
18
39
1
151
67
34
84
18
11
15
32
55
23
6
92
67
26
0
47
27
30
2
29
19
125
5
31
96
106
60
8
