5
2
4
1
28
42
45
5
54
112
110
6
31
104
59
2
41
73
20
12
24
11
2
5
0
0
0
0
11
2
4
5
68
47
32
29
20
159
27
14
12
159
39
4
103
66
31
8
45
5
9
1
2
27
7
0
3
0
0
3
92
14
16
16
42
107
31
14
10
161
29
4
30
123
51
6
18
117
31
0
5
168
49
0
2
0
2
2
84
25
31
14
42
104
38
6
10
116
38
0
3
127
42
0
1
128
39
8
9
84
20
13
10
2
4
2
89
52
43
12
20
137
50
5
0
143
35
0
0
103
55
0
14
96
45
9
110
35
12
21
13
10
19
0
73
59
26
10
55
107
38
16
21
101
25
13
25
67
15
23
61
15
28
10
122
0
38
0
56
98
93
23
97
20
3
4
112
30
7
11
56
70
16
40
41
162
29
62
91
102
91
16
57
16
31
0
