23
9
5
5
18
43
18
19
20
57
105
6
42
116
78
2
8
89
6
1
16
51
6
1
14
4
2
0
39
6
2
11
69
30
12
23
25
122
18
9
2
192
12
2
12
181
27
4
39
73
40
4
18
5
5
0
15
0
0
7
76
6
4
28
31
95
20
14
0
169
17
0
7
156
27
4
14
62
20
6
3
1
2
0
2
0
0
2
63
0
3
22
46
57
23
20
4
149
30
1
1
159
25
5
4
109
18
5
6
90
1
19
7
19
7
3
51
15
16
16
46
85
36
21
4
167
36
3
0
152
37
1
0
129
23
0
120
119
3
44
85
52
45
6
43
43
26
44
20
86
28
60
9
92
22
49
8
60
12
40
19
43
9
23
208
13
29
12
44
71
55
0
17
14
7
18
9
47
1
51
5
34
2
41
8
48
10
32
24
131
79
36
83
93
168
6
