10
2
6
6
12
55
25
6
0
115
35
2
29
175
78
22
28
130
33
19
11
31
0
8
0
0
0
0
12
2
6
8
64
17
17
38
24
79
20
13
0
135
4
7
44
120
16
16
74
29
15
10
0
0
0
0
2
0
0
2
74
7
3
30
68
108
13
23
0
176
10
0
25
144
25
0
44
37
19
0
0
0
0
0
0
0
0
0
63
1
18
10
62
72
31
23
0
161
24
1
3
174
11
0
12
86
10
0
0
37
1
2
0
0
0
0
55
8
16
15
60
86
34
14
0
158
25
1
1
151
26
0
1
161
13
1
70
156
1
31
0
43
0
43
40
17
2
17
49
96
16
35
11
109
16
30
12
101
12
31
41
96
4
31
218
51
20
29
37
53
0
178
37
21
0
62
61
20
0
99
45
44
0
107
39
26
0
77
45
129
2
48
192
156
88
30
