0
0
0
0
9
21
20
10
65
77
89
21
52
98
37
15
8
89
26
1
45
83
24
12
37
17
5
7
0
0
0
0
55
16
11
18
52
95
47
14
1
163
30
0
10
153
38
1
94
55
52
5
50
4
12
2
0
0
0
0
81
8
5
4
74
94
21
9
0
160
39
1
15
145
58
10
19
146
38
3
34
54
8
0
0
0
0
0
70
7
20
3
58
122
39
7
0
164
45
1
5
139
41
5
4
156
19
3
36
135
11
0
4
4
6
0
49
33
48
8
33
120
50
7
0
149
43
0
4
146
22
6
4
139
18
5
133
156
19
10
24
51
6
31
21
81
28
20
24
113
26
31
26
90
19
33
56
71
8
37
32
53
3
32
212
25
27
4
63
84
0
111
34
40
12
62
30
25
25
58
35
23
0
26
35
80
0
35
33
188
10
61
176
131
118
19
