0
0
0
0
10
0
6
0
22
21
69
2
33
104
125
10
29
126
51
8
16
94
12
2
21
18
9
0
0
0
0
0
41
0
7
0
83
41
32
4
10
120
44
4
10
134
47
1
48
78
55
3
25
13
16
0
0
0
0
0
48
0
4
4
88
59
27
16
12
142
48
4
7
136
35
0
22
46
26
0
7
2
3
0
0
0
0
0
52
0
1
3
78
64
23
11
5
147
34
2
1
160
35
0
4
99
25
0
14
51
11
18
0
0
0
0
46
2
0
4
78
71
19
14
4
166
36
2
0
149
47
0
0
136
30
0
113
117
14
48
36
43
5
44
28
18
5
19
35
65
18
32
19
114
15
34
13
74
14
25
6
53
8
11
212
51
8
17
169
83
5
177
89
52
5
114
50
44
16
66
57
55
16
68
106
49
10
67
38
94
4
54
130
237
24
9
