0
0
0
0
29
4
19
0
25
59
76
0
28
143
53
24
53
103
4
22
23
8
2
7
0
0
0
0
0
0
0
0
67
3
15
1
76
76
23
7
0
162
9
3
67
114
18
19
44
22
9
17
0
0
0
0
0
0
0
0
76
2
13
3
54
113
13
10
0
215
9
2
13
177
14
6
19
73
2
12
4
5
0
3
0
0
0
0
89
3
7
7
48
77
21
16
0
125
12
11
0
131
3
2
12
91
0
17
8
13
0
3
6
0
1
1
63
25
16
10
23
98
13
30
0
133
2
15
0
136
1
5
0
135
4
5
38
141
8
21
70
56
1
1
19
48
4
13
17
64
11
24
15
97
4
22
8
115
0
17
6
105
6
15
165
86
19
16
239
132
0
17
48
50
5
83
95
37
13
71
87
43
13
73
83
48
13
54
71
34
15
40
193
41
67
21
