13
2
5
2
21
66
21
4
8
143
97
2
12
164
93
15
13
115
12
16
16
40
2
10
7
0
1
0
15
4
5
6
63
43
12
28
37
130
29
8
2
140
42
0
20
135
56
9
51
48
40
9
7
0
1
0
0
2
0
2
91
9
14
10
55
101
26
10
0
150
52
0
18
116
72
0
21
33
28
0
0
0
0
0
0
0
0
0
94
5
15
4
61
78
47
8
4
135
59
0
6
125
63
0
9
97
26
0
13
110
4
13
8
0
2
0
107
10
23
6
50
77
54
9
2
119
73
0
0
120
56
0
0
118
28
0
115
123
32
22
18
2
2
0
89
26
32
5
25
90
63
8
10
86
37
15
16
58
14
26
25
37
7
23
153
2
72
3
24
291
2
57
37
117
28
34
12
120
22
32
10
97
15
36
22
48
0
40
56
71
35
40
109
35
100
12
