0
0
0
0
0
5
9
0
18
36
76
6
43
117
127
7
27
121
50
0
3
145
39
3
15
98
24
19
8
2
0
0
28
35
23
0
20
91
70
9
9
118
57
8
10
123
62
1
21
106
87
2
9
36
31
6
24
2
0
0
122
45
22
9
19
110
53
8
6
121
42
17
21
111
65
1
13
29
28
0
0
1
3
0
32
0
0
0
118
64
35
13
14
145
51
8
3
163
55
5
15
163
50
0
9
120
37
0
80
153
12
25
22
2
0
0
81
95
25
13
7
184
58
5
0
151
61
0
6
123
51
0
4
95
35
0
189
98
35
12
14
124
5
27
23
96
6
13
19
151
20
18
5
110
15
24
5
64
7
18
12
84
16
24
110
122
67
43
6
152
7
35
20
116
1
17
16
120
3
13
5
236
12
21
6
260
23
19
72
133
86
11
107
81
61
37
