0
0
0
0
7
8
16
1
36
49
113
2
53
97
109
1
15
70
13
8
5
13
2
8
0
0
0
0
0
0
0
0
28
17
19
2
95
58
58
17
16
146
31
5
57
101
31
17
39
13
18
14
0
0
0
0
0
0
0
0
29
0
5
0
92
35
12
9
9
115
11
5
42
70
28
22
36
11
17
20
0
0
0
0
0
0
0
0
42
4
8
0
86
41
33
4
8
112
16
2
5
116
19
20
12
98
24
14
30
87
14
27
1
0
1
0
26
49
21
0
41
98
22
7
8
142
11
3
0
141
16
1
0
128
20
2
140
80
19
53
47
26
2
51
36
32
8
12
41
51
8
32
25
43
9
31
33
36
13
28
32
8
2
24
186
0
48
6
181
23
11
131
116
13
19
42
53
20
5
42
24
50
19
33
59
10
12
47
116
59
58
75
134
59
163
4
