1
6
0
1
16
57
26
1
27
97
114
10
16
74
65
13
7
80
10
5
15
21
6
6
0
0
0
0
5
8
0
9
34
74
9
35
26
120
40
18
14
116
43
3
45
52
45
16
25
11
27
9
0
0
0
0
3
0
0
5
66
4
6
32
52
67
29
26
16
130
49
1
22
92
47
11
10
27
19
10
0
0
0
0
6
0
0
0
66
4
17
3
40
67
29
14
4
140
34
4
0
139
42
3
0
78
21
11
0
28
0
0
17
0
9
0
74
21
31
4
32
101
35
12
0
153
43
4
0
142
54
0
0
142
16
14
36
119
0
53
45
56
11
32
65
58
29
16
22
122
16
16
7
109
30
14
9
74
20
21
10
57
7
32
168
41
19
48
167
157
2
42
71
49
3
33
57
60
0
43
31
63
0
22
14
49
0
23
66
53
2
91
250
92
85
57
