0
1
3
0
4
15
11
0
10
67
28
1
42
133
97
2
48
124
67
3
9
38
0
9
6
0
0
2
0
5
3
0
22
64
24
22
42
83
27
28
8
132
20
6
38
105
16
7
91
32
1
12
22
0
0
2
0
4
0
0
37
7
5
21
80
30
11
41
19
125
6
6
33
131
6
0
82
48
4
0
20
2
0
0
0
0
0
0
23
0
1
8
83
26
8
29
47
165
14
8
0
226
12
0
4
161
1
0
4
18
0
0
0
0
0
0
4
0
0
2
91
18
9
14
52
152
16
12
0
220
4
0
0
196
0
0
24
132
4
36
19
65
9
19
12
10
0
10
29
38
8
33
23
77
12
28
37
122
0
1
20
109
1
0
144
66
25
35
208
74
31
41
58
37
4
31
38
37
1
32
24
22
4
32
25
117
31
1
20
216
52
0
98
127
77
0
