0
0
0
0
55
3
58
6
55
86
81
30
20
146
26
16
40
46
11
19
0
0
0
0
0
0
0
0
3
0
1
0
78
5
19
14
47
63
34
14
32
92
49
5
64
28
27
5
0
0
0
0
0
0
0
0
6
0
1
1
53
14
23
24
29
113
31
19
22
139
43
4
22
77
21
0
5
3
2
0
0
0
0
0
8
0
0
2
62
15
25
22
37
113
30
14
1
157
49
1
11
138
36
3
21
73
4
18
15
6
0
7
8
0
3
3
71
8
31
18
44
95
36
11
0
124
48
0
0
115
36
3
65
85
15
31
51
56
3
26
3
25
7
5
45
37
16
18
39
84
17
26
13
58
26
11
9
107
40
6
48
71
37
12
74
145
21
38
14
162
31
35
8
23
7
8
8
41
0
15
17
31
9
17
50
82
70
36
62
43
91
10
30
34
14
4
