2
10
18
6
6
50
60
6
10
131
99
8
0
152
57
15
0
68
6
10
3
19
0
10
3
0
0
1
19
8
16
27
25
28
24
29
5
126
26
7
0
173
16
1
6
92
17
17
36
24
13
19
6
0
1
1
29
0
0
9
72
12
4
16
5
84
8
7
2
140
17
9
18
83
31
18
26
19
28
15
3
0
1
0
30
0
4
0
86
11
9
2
12
72
9
3
10
129
10
17
36
103
31
30
18
74
16
10
2
47
0
9
43
0
9
4
64
22
26
14
21
127
20
12
8
158
10
4
19
106
16
11
5
146
11
4
58
120
7
33
41
62
2
43
42
38
18
40
14
84
14
48
22
100
4
28
36
106
7
37
26
90
12
44
82
53
78
15
39
95
0
136
30
72
36
80
31
65
21
65
58
97
7
60
68
50
22
54
50
55
29
38
9
44
75
12
