12
18
20
2
10
66
98
2
25
103
125
7
27
78
49
8
8
78
24
6
16
24
15
13
1
0
1
0
54
9
16
15
30
64
54
16
5
120
59
0
0
113
66
1
27
61
84
10
30
20
32
4
1
0
1
0
42
0
0
22
66
36
25
25
9
119
43
3
0
107
73
0
22
67
59
0
7
71
32
2
7
46
17
10
32
0
0
8
82
21
9
28
13
99
37
13
0
108
58
0
0
112
54
0
0
110
50
2
7
76
24
17
18
0
0
2
74
5
4
23
23
61
43
17
0
116
55
1
0
116
52
0
0
123
35
0
80
104
16
34
38
30
0
0
54
24
17
13
25
87
39
21
6
106
53
3
3
101
26
4
6
92
26
4
204
51
13
26
135
98
8
123
12
51
11
12
34
95
20
47
23
74
19
56
14
43
11
22
8
85
37
18
171
99
113
15
