0
0
0
0
36
12
12
4
36
101
90
11
18
163
101
2
12
129
42
3
56
84
16
6
34
8
0
0
0
0
0
0
53
0
0
5
85
51
10
14
14
151
43
6
6
148
49
7
74
48
30
10
40
0
6
0
0
0
0
0
56
0
0
0
93
31
15
7
18
120
47
7
0
145
41
4
23
125
29
9
24
29
9
0
0
0
0
0
56
0
0
0
87
39
25
7
12
120
53
5
0
163
39
0
12
165
22
1
22
79
7
20
0
0
0
0
37
27
20
0
42
88
42
4
0
141
46
1
0
127
33
0
3
129
13
5
99
58
3
56
58
76
0
38
42
72
12
38
29
98
22
47
13
100
24
35
19
77
16
38
14
16
1
25
192
0
0
30
77
56
9
72
42
39
5
46
29
55
0
48
24
67
9
40
23
62
8
41
29
66
23
38
219
143
48
18
