2
21
2
15
13
37
35
11
64
68
66
22
30
128
49
13
42
108
25
21
46
14
5
15
0
0
0
0
3
24
2
33
18
43
23
50
26
67
50
17
0
118
39
1
79
70
41
4
63
6
15
4
0
0
0
0
0
3
0
5
72
6
11
21
55
61
43
13
0
141
43
0
16
123
26
1
14
30
12
2
0
0
0
0
0
0
0
0
91
1
5
1
67
48
35
4
0
121
45
0
0
142
39
1
0
104
31
3
26
79
18
23
2
0
0
0
83
1
6
2
51
66
43
4
0
123
59
0
0
127
47
0
0
107
43
0
137
81
25
33
8
24
0
8
42
54
14
6
25
97
37
11
11
88
31
14
14
63
15
36
13
26
8
29
184
0
35
5
36
139
0
109
10
132
3
49
12
120
3
41
11
49
0
22
21
20
0
53
49
84
7
94
131
71
98
16
