3
2
1
0
13
15
47
7
62
83
105
10
42
106
50
0
12
108
26
4
32
57
16
5
7
2
3
0
3
2
1
0
58
20
25
13
80
86
40
14
4
149
45
0
25
132
59
6
73
44
42
7
7
2
3
0
0
0
0
0
78
2
2
2
163
67
14
4
16
166
56
0
19
168
68
5
30
87
28
5
4
4
0
0
0
0
0
0
72
1
4
3
104
77
32
7
4
144
56
0
1
153
39
1
9
144
18
1
64
119
16
15
0
0
0
0
59
2
16
9
80
73
39
16
0
127
46
1
0
130
26
0
0
122
26
0
176
102
29
13
18
44
15
65
25
50
15
46
36
72
34
52
9
66
27
52
10
22
7
29
7
44
4
51
191
25
31
23
28
61
10
87
10
37
6
37
1
45
11
67
7
25
8
36
11
14
4
39
17
114
7
100
171
117
82
56
