4
0
1
1
27
43
36
8
15
167
93
5
18
204
72
14
15
112
9
22
13
30
0
11
7
0
0
1
4
0
1
1
54
19
11
26
25
138
35
16
1
183
30
2
24
120
36
12
35
35
34
10
8
0
1
1
0
0
0
0
72
5
3
8
68
84
20
16
12
149
28
11
13
109
60
4
11
23
23
3
1
0
1
0
0
0
0
0
72
0
2
6
81
63
21
19
11
169
30
6
14
139
27
6
9
68
8
5
17
70
12
7
0
0
0
0
45
3
8
10
66
64
25
19
12
155
28
3
4
160
22
6
0
139
13
4
119
117
36
12
101
26
12
3
31
13
5
27
23
47
28
44
26
63
14
31
30
68
9
61
13
38
21
40
125
34
85
2
183
47
50
26
29
45
0
60
17
62
2
73
25
50
8
41
20
96
15
93
53
88
77
82
80
25
97
0
