0
2
12
2
20
41
81
6
36
102
140
4
21
113
50
0
15
81
13
9
19
13
4
12
0
0
0
0
19
2
16
15
55
50
43
26
22
159
41
8
0
178
25
1
76
105
23
10
66
7
12
9
0
0
0
0
33
0
0
7
90
21
10
19
20
111
29
6
0
170
23
1
41
136
15
8
48
29
4
1
0
0
0
0
32
0
0
0
90
13
20
5
14
124
43
7
0
173
29
0
10
158
19
1
15
78
10
1
2
52
0
14
18
0
0
2
60
40
18
22
6
145
36
7
0
156
30
0
2
170
19
3
2
149
15
4
84
108
0
52
83
45
3
11
28
44
10
32
22
71
13
32
45
71
8
16
44
54
5
39
29
42
3
42
178
15
28
13
111
54
71
26
28
10
4
36
60
19
2
45
49
19
0
14
46
22
0
28
41
103
13
61
122
70
134
20
