12
5
8
1
42
45
73
8
54
130
56
16
17
156
69
6
83
127
78
18
76
26
29
17
0
0
0
0
12
7
8
1
74
47
14
31
34
99
26
17
3
128
35
0
51
48
49
0
27
0
17
0
0
0
0
0
0
0
0
0
97
6
2
5
79
78
31
8
0
147
37
2
7
118
35
0
9
43
14
0
0
30
0
2
0
0
0
0
103
0
1
2
93
55
22
12
0
155
46
5
4
159
61
0
4
144
28
0
57
130
0
23
0
0
0
0
81
9
9
5
46
67
31
10
2
100
48
4
15
96
34
9
21
69
19
15
176
37
5
38
8
54
13
37
37
49
10
32
23
56
24
27
40
31
12
25
45
25
11
49
56
13
15
36
186
0
44
16
21
110
17
82
34
59
10
29
13
32
12
27
15
10
6
17
38
28
10
90
13
96
22
111
124
100
124
12
