0
0
0
0
4
11
13
0
4
50
60
0
0
125
109
0
4
173
122
1
25
109
53
1
19
17
6
0
4
2
2
0
51
45
25
17
41
81
63
17
27
122
68
13
8
165
55
8
47
66
43
8
27
9
16
0
4
2
2
0
101
16
5
26
101
65
20
24
30
144
44
12
6
173
50
7
21
114
34
7
11
16
5
0
0
0
0
0
117
0
0
7
119
38
19
20
2
132
48
8
0
163
49
0
6
173
28
1
4
98
2
30
0
12
2
2
72
17
9
6
54
80
25
33
0
142
45
7
5
139
43
3
7
132
27
10
61
109
12
104
0
69
15
90
15
35
6
18
20
88
19
11
7
85
41
23
16
96
52
28
36
97
9
46
220
42
18
54
0
43
4
97
20
63
0
85
29
64
0
27
7
94
30
27
13
105
43
15
12
156
2
88
223
201
28
70
