7
3
13
1
12
66
71
3
0
179
110
1
18
198
82
0
16
121
32
3
17
80
34
13
14
17
14
9
23
7
14
14
45
61
43
27
19
134
54
3
6
137
53
2
2
142
51
5
45
35
63
7
17
13
16
2
19
0
0
7
89
22
8
23
28
95
45
8
22
114
75
7
16
98
50
18
10
84
40
18
46
82
27
1
10
0
0
0
78
1
5
12
41
85
46
8
7
135
68
2
7
118
41
8
2
138
15
13
40
140
35
1
0
3
3
2
62
11
21
8
41
89
30
10
0
142
40
0
0
145
19
0
4
147
7
0
91
112
65
10
3
58
16
51
30
59
19
36
50
87
21
32
17
120
27
32
11
121
17
33
30
62
18
14
126
16
80
4
12
94
10
98
24
58
2
46
34
69
11
40
31
83
15
35
29
133
18
56
73
134
61
50
79
17
86
0
