9
95
20
8
35
98
33
2
54
129
83
0
35
90
40
1
0
21
0
3
0
6
0
2
0
0
0
0
29
140
23
34
51
101
28
20
5
130
41
0
0
148
3
1
29
114
0
19
46
24
0
10
0
0
0
0
30
6
0
10
80
44
20
22
13
120
33
4
0
175
16
5
54
137
12
15
87
25
11
11
0
0
0
0
32
0
0
0
92
17
4
5
33
121
22
8
0
170
15
5
13
152
10
11
19
46
13
8
0
0
0
0
32
0
0
0
98
7
8
5
40
110
18
8
0
206
2
0
1
206
3
0
3
105
6
2
0
40
0
6
16
0
0
0
50
26
8
22
14
109
28
13
0
149
11
0
2
163
0
9
2
159
0
13
51
104
0
85
14
261
26
37
0
76
8
26
0
20
6
6
0
5
3
0
10
21
0
27
7
71
0
46
199
227
32
80
