0
0
0
0
9
6
19
0
31
72
55
2
31
207
90
8
15
178
49
12
22
24
0
18
8
0
0
0
0
0
0
0
60
6
20
8
60
63
37
16
5
156
26
9
38
122
31
15
57
29
30
12
8
0
0
0
0
0
0
0
74
0
7
5
76
87
27
16
6
191
29
10
15
165
43
9
17
60
17
0
4
0
0
0
0
0
0
0
92
0
6
2
69
70
27
8
1
165
24
2
0
197
13
0
12
150
6
0
14
88
0
12
0
0
0
0
54
23
17
10
42
83
32
11
2
137
20
1
2
146
15
3
0
147
14
3
135
135
2
20
8
47
15
36
15
61
7
31
21
76
12
37
19
76
4
35
16
78
1
31
11
43
11
45
173
2
50
3
32
59
12
71
18
26
0
28
22
43
0
39
17
31
2
22
13
114
10
43
24
190
54
38
102
62
127
3
