0
2
4
0
11
12
36
1
8
47
128
1
30
58
116
0
18
56
11
1
8
25
0
1
0
0
0
0
17
53
31
3
22
45
52
7
18
88
64
6
0
119
57
0
27
108
57
8
41
38
27
2
0
0
0
0
19
80
29
4
51
49
13
25
32
103
31
16
0
121
67
0
28
57
68
1
12
7
20
1
0
0
0
0
0
0
0
0
79
12
5
16
39
152
26
15
0
182
38
6
11
87
24
16
8
6
3
3
0
0
0
0
0
0
0
0
105
9
3
5
68
106
14
6
0
174
26
2
6
167
26
5
6
123
17
6
25
107
10
30
12
41
0
7
56
29
1
6
33
110
14
9
5
128
26
5
36
116
15
11
47
108
13
14
102
57
64
27
47
123
0
128
31
66
1
44
30
58
1
53
38
17
0
27
52
19
0
23
110
55
56
15
82
31
133
0
