0
0
0
0
72
28
23
9
79
115
69
29
10
105
41
8
14
93
27
8
24
25
9
10
0
0
0
0
0
0
0
0
68
8
5
9
75
65
30
14
10
130
58
4
30
95
86
7
40
18
37
7
0
0
0
0
0
0
0
0
72
0
0
0
96
43
23
8
19
106
59
2
12
71
65
0
12
18
18
0
0
0
0
0
0
0
0
0
72
0
0
0
101
53
23
7
15
104
63
2
10
118
50
0
14
90
26
0
12
101
9
26
0
0
0
0
64
0
0
8
95
50
26
13
15
107
58
4
16
103
67
6
20
133
45
18
153
105
11
45
29
29
13
25
26
23
0
15
49
86
18
27
15
119
54
24
14
80
38
42
34
53
7
58
254
30
4
32
164
69
10
67
18
45
0
25
24
123
3
48
22
67
6
21
8
45
3
34
33
54
0
25
206
138
88
22
