6
12
12
0
47
61
79
17
47
133
60
20
14
148
12
20
26
42
19
25
3
0
3
2
0
0
0
0
3
8
1
0
67
23
22
6
69
95
23
11
22
128
45
7
31
24
52
9
3
0
3
2
0
0
0
0
9
0
3
0
80
26
31
7
32
150
35
7
2
166
21
13
2
51
11
12
0
0
0
0
0
0
0
0
33
4
5
0
82
56
23
9
17
180
24
7
0
215
8
9
0
176
3
9
0
127
0
7
4
81
0
43
27
42
1
12
42
66
7
11
29
120
7
14
33
122
8
7
25
114
4
13
5
107
0
16
109
92
11
68
103
48
0
51
63
11
0
32
94
20
0
46
101
15
0
26
78
29
6
43
51
18
9
34
170
0
60
4
89
35
0
32
28
12
0
14
38
29
0
29
44
12
0
24
44
53
15
48
68
95
72
99
125
36
135
16
