0
0
0
0
27
38
13
14
68
104
62
14
53
155
51
9
5
137
0
14
20
89
8
9
16
12
6
0
0
0
0
0
44
19
5
16
83
92
11
40
8
188
3
13
11
178
7
24
77
87
31
15
28
11
9
0
0
0
0
0
32
0
5
7
106
64
18
22
13
188
10
17
6
188
7
21
18
125
16
7
14
56
3
13
0
0
0
0
25
2
10
5
83
51
27
25
13
137
15
23
0
176
0
8
0
178
0
6
32
170
0
28
0
14
4
6
10
26
19
1
29
90
26
11
6
144
1
13
0
162
0
0
0
166
0
2
104
180
0
32
14
49
10
95
14
44
4
32
19
76
7
40
22
89
3
32
10
59
1
18
9
69
4
30
205
29
25
13
12
19
0
69
18
22
0
28
18
57
7
38
20
91
3
22
8
179
9
26
4
183
62
17
99
108
150
3
