0
2
2
0
17
26
35
6
33
129
83
3
31
171
86
0
16
128
21
3
20
81
13
12
13
9
9
3
0
2
2
0
67
7
20
18
97
48
26
9
6
140
32
0
10
156
31
3
65
66
48
13
16
7
13
4
0
0
0
0
91
6
11
4
59
81
33
9
0
147
53
0
7
145
28
0
16
50
26
4
5
1
4
2
2
0
2
0
98
5
34
1
59
112
46
1
0
176
28
0
9
131
26
0
6
54
8
4
8
75
0
3
15
3
5
3
76
43
41
10
24
131
30
3
0
158
26
0
0
150
20
0
0
144
7
7
107
163
8
14
33
41
3
37
36
67
21
20
22
87
17
20
16
65
16
19
19
46
14
15
43
50
11
26
198
29
40
11
32
79
17
64
26
31
7
18
37
56
2
23
22
18
12
26
23
99
13
63
39
191
49
33
130
107
125
4
