0
12
0
2
19
49
50
6
42
122
123
3
40
123
51
0
11
84
3
2
19
27
0
2
0
0
0
0
23
24
0
15
60
88
35
23
28
147
42
5
0
146
22
0
50
124
25
7
67
29
19
3
0
0
0
0
49
0
0
7
99
35
11
13
29
134
35
4
0
183
17
0
30
138
34
2
31
38
15
6
0
3
3
2
50
0
6
0
100
36
24
6
26
134
42
4
0
161
31
0
0
153
15
2
0
93
19
14
0
37
7
8
58
6
6
2
84
52
22
10
25
132
31
6
0
155
19
0
0
156
22
0
5
143
25
1
73
118
22
23
24
35
8
3
27
86
13
14
7
122
22
9
6
135
13
14
11
134
16
27
18
80
20
18
151
17
50
4
57
164
49
0
9
23
9
3
2
68
5
15
9
48
0
19
35
103
2
50
46
130
49
47
83
42
115
2
