3
2
7
0
16
28
44
0
20
105
110
7
27
175
102
4
42
103
22
15
34
15
5
6
0
0
0
0
30
2
8
4
73
36
30
9
23
103
36
6
6
105
53
4
63
70
55
14
42
13
13
10
0
0
0
0
50
0
0
6
80
31
6
15
18
130
37
9
16
124
66
14
24
131
56
17
27
41
16
20
4
33
3
0
39
0
0
3
82
27
10
11
16
115
42
7
7
121
57
3
4
138
34
4
7
106
46
3
69
121
15
23
27
3
3
3
75
38
19
8
17
110
43
6
0
126
36
0
2
110
33
3
2
82
27
3
163
32
32
21
25
43
3
37
18
85
12
29
8
89
17
26
10
87
7
38
28
70
2
30
16
46
3
29
189
2
40
1
21
127
11
85
8
78
10
26
10
73
0
35
8
57
0
31
20
110
10
34
15
166
62
23
91
66
122
1
