14
2
14
0
35
51
102
0
22
135
141
0
8
118
54
0
1
108
13
2
29
54
5
10
13
1
0
2
47
2
20
7
95
55
62
10
16
135
49
2
0
141
21
0
18
112
32
2
78
36
31
5
18
1
3
2
69
0
0
5
87
59
8
18
16
125
15
8
0
134
16
0
13
96
47
0
36
48
40
6
9
14
3
6
72
0
0
0
77
50
11
18
6
161
21
14
0
169
21
4
0
148
32
0
4
97
45
6
16
49
14
11
50
2
0
10
54
44
17
41
5
118
33
20
0
175
23
6
0
197
13
0
0
143
35
0
55
121
23
25
16
41
0
31
32
53
1
42
13
124
22
27
4
131
18
19
22
136
11
23
20
115
13
24
191
52
15
20
41
126
0
129
30
59
0
71
20
73
1
78
37
80
1
76
60
58
0
76
88
89
21
70
220
145
99
12
