8
0
1
1
24
30
29
5
10
127
71
4
0
184
126
0
30
155
72
1
31
44
13
2
12
8
4
0
8
0
1
1
86
12
22
16
45
91
58
12
0
124
56
0
21
110
46
1
71
55
61
3
16
8
8
0
0
0
0
0
99
8
10
9
57
72
27
14
0
118
22
0
44
100
55
13
44
37
50
7
12
65
5
0
0
0
0
0
87
11
11
9
39
107
25
25
0
168
5
3
27
124
42
11
15
133
32
8
25
198
15
0
0
0
0
0
102
25
6
5
66
114
17
11
0
188
21
3
0
183
31
0
0
169
25
0
78
177
27
24
6
105
0
9
48
67
0
5
26
147
9
30
2
127
28
17
1
96
22
1
9
79
13
17
204
58
26
30
6
185
0
15
14
55
0
3
2
23
3
22
3
76
2
39
1
180
0
45
27
229
6
42
198
171
116
9
