0
0
0
0
0
14
8
0
11
88
84
3
25
134
144
1
38
87
79
2
25
21
15
1
0
0
0
0
82
36
20
8
18
76
44
2
2
138
66
2
5
135
81
1
35
57
103
3
28
10
31
1
0
0
0
0
195
21
9
23
47
112
24
5
11
138
46
5
16
78
65
5
13
24
59
0
5
11
12
0
0
35
3
4
155
10
8
29
31
110
39
10
13
155
40
4
23
105
45
9
6
69
41
0
0
84
42
0
80
138
19
25
119
23
23
23
15
101
55
7
0
150
46
0
3
137
59
3
3
106
46
3
0
64
32
0
202
35
27
10
130
20
40
10
34
101
43
16
8
111
33
24
17
66
24
29
20
33
10
69
10
3
2
23
175
0
61
0
237
67
82
0
61
42
10
49
60
108
25
85
45
91
28
62
44
34
12
90
36
122
9
83
122
92
100
2
