6
11
7
0
12
49
37
0
9
104
103
0
3
177
120
0
15
153
59
21
16
20
6
14
0
0
0
0
19
34
36
21
30
108
75
5
14
112
82
0
9
117
50
0
58
76
56
12
48
17
18
7
0
1
0
1
36
10
15
35
29
69
35
21
2
120
55
3
9
111
52
4
43
70
94
3
35
33
56
8
4
1
3
2
57
0
0
13
52
66
13
23
2
164
50
6
4
122
69
5
14
72
68
4
16
47
46
1
22
75
18
5
33
0
0
11
93
40
11
22
25
114
40
5
6
109
51
0
3
111
44
0
1
98
55
0
119
110
45
24
13
0
0
3
69
47
5
29
27
122
35
14
4
105
35
2
7
82
26
3
8
60
22
16
178
17
36
31
0
208
0
124
28
132
2
84
10
159
9
84
10
167
18
89
24
93
3
60
63
37
9
71
128
92
108
44
