19
36
9
10
9
67
29
13
20
166
84
12
42
181
74
3
20
108
16
2
27
51
9
1
9
2
3
0
31
27
7
53
14
65
25
46
6
139
35
18
2
172
35
3
28
108
55
3
44
28
41
1
9
2
3
0
5
0
0
23
63
16
5
62
39
115
28
16
0
154
40
0
12
126
48
0
12
28
22
0
0
0
0
0
4
0
0
0
101
12
5
12
59
100
34
13
0
172
42
0
8
175
21
0
12
103
1
2
4
76
0
14
14
28
10
8
74
15
25
6
30
120
38
10
6
159
34
3
3
155
17
3
0
153
3
4
91
117
11
45
40
79
17
88
47
46
20
61
27
68
21
38
59
60
11
42
37
50
4
43
22
27
13
34
131
3
79
7
16
58
0
56
13
43
0
42
12
26
0
26
32
16
0
26
24
129
0
55
46
157
71
36
66
18
140
0
