0
5
1
0
4
25
11
2
10
146
52
10
10
173
65
2
11
92
85
2
57
73
82
30
53
20
16
25
6
119
62
1
25
99
47
19
17
109
40
10
0
94
44
0
15
85
50
0
77
49
59
1
28
2
15
1
8
98
53
1
91
34
17
20
52
49
27
20
0
90
66
0
10
108
66
0
16
48
24
0
0
2
4
0
0
0
0
0
96
4
7
5
57
71
60
6
2
110
94
0
14
85
51
0
4
42
14
0
17
87
23
15
0
0
0
0
92
4
9
3
49
66
57
4
2
93
83
0
2
93
63
0
0
97
57
0
141
107
42
26
0
0
0
0
68
8
25
5
28
91
55
6
2
107
54
1
4
74
37
9
6
45
16
19
215
15
24
14
29
85
0
66
35
102
23
66
38
119
22
47
31
70
6
19
6
73
19
20
17
67
22
46
173
122
96
27
