0
42
30
0
11
38
77
2
47
94
107
2
28
90
42
2
8
69
14
13
9
10
5
12
0
0
0
0
34
59
49
40
15
73
41
3
4
132
44
2
4
133
47
2
52
58
45
17
35
7
17
11
0
0
0
0
108
11
8
43
29
95
29
9
2
124
30
6
3
74
30
3
34
32
24
8
38
43
11
12
12
3
4
1
125
4
4
17
64
50
25
21
12
70
17
23
0
29
6
5
1
109
15
11
22
110
37
19
55
118
15
16
82
14
12
18
70
59
29
30
6
65
22
15
0
66
22
2
0
119
17
4
0
117
16
3
154
86
23
15
35
105
6
58
25
62
12
33
12
94
17
17
14
65
19
28
29
61
11
49
28
28
5
41
201
0
30
5
25
102
2
79
47
69
15
51
28
96
4
34
16
111
22
55
33
77
15
49
83
80
26
87
192
92
108
28
