4
4
0
0
4
32
4
0
18
75
12
27
43
166
30
71
28
151
16
17
10
97
8
3
21
49
12
2
10
7
0
3
25
80
13
10
18
123
39
8
6
209
26
3
4
215
10
3
30
116
43
9
45
19
44
2
1
3
0
2
35
18
11
14
61
87
22
20
10
202
9
5
12
184
21
5
49
53
61
5
14
0
26
0
0
0
0
0
39
15
5
19
73
70
11
26
15
181
12
6
6
178
34
0
18
132
32
2
18
109
10
11
11
4
1
0
56
17
2
11
80
38
4
18
8
99
14
3
0
132
24
4
6
225
30
9
90
138
37
39
27
4
37
0
81
13
50
10
60
62
5
15
26
93
18
35
28
103
13
64
19
96
20
41
119
31
70
22
51
49
216
0
24
5
52
3
70
11
2
33
63
23
4
48
55
36
3
66
15
85
12
62
47
53
66
14
