0
2
4
0
14
115
40
11
49
194
107
24
29
97
59
9
1
92
23
2
13
52
14
1
4
2
2
0
22
13
27
2
32
52
49
15
7
107
61
9
12
119
61
0
42
95
58
3
20
27
34
1
4
2
2
0
26
37
17
10
42
61
10
51
16
111
35
14
13
136
68
1
36
114
56
0
18
91
37
0
12
25
11
0
0
4
0
4
75
13
3
9
49
65
40
8
7
145
61
1
0
137
45
0
6
99
32
3
6
51
12
9
2
0
2
2
78
6
10
4
57
64
41
6
3
114
43
0
0
125
37
0
0
129
27
4
74
109
13
46
2
31
2
11
62
25
13
28
45
100
29
22
11
123
27
25
0
95
17
34
12
72
12
24
154
18
53
9
4
186
0
82
29
97
1
43
32
64
1
19
9
38
0
29
10
82
0
86
48
158
38
76
116
40
104
0
