2
0
4
0
9
13
33
1
51
78
102
3
36
115
94
1
11
78
45
8
40
34
13
17
12
0
1
1
18
5
8
3
47
19
41
7
27
76
57
8
4
129
58
1
44
79
51
6
79
14
21
4
12
0
1
1
14
5
2
3
77
21
6
18
44
94
31
7
5
138
51
0
22
121
43
4
26
40
20
4
4
33
3
0
0
0
0
0
66
5
0
13
61
60
29
14
12
138
58
2
4
145
62
7
0
101
61
8
61
120
13
14
0
0
0
0
63
9
0
6
64
80
25
15
10
145
67
4
4
111
71
0
9
75
44
0
132
39
45
14
0
12
0
0
21
41
2
6
26
102
21
9
8
124
52
4
0
150
30
10
32
88
8
6
155
5
53
1
62
255
35
22
8
169
33
10
6
165
29
8
9
135
66
2
0
220
44
20
24
218
63
11
121
55
71
1
