0
15
17
0
6
54
38
4
24
74
66
12
60
106
61
19
70
85
7
36
30
6
1
11
0
0
0
0
0
30
26
0
38
62
43
5
79
72
16
23
13
165
11
17
63
99
15
23
63
6
10
9
0
0
0
0
0
0
0
0
56
0
0
0
104
62
10
8
9
168
10
9
22
130
12
24
20
20
9
9
0
0
0
0
0
0
0
0
48
3
6
1
101
66
18
9
13
186
9
8
6
173
2
9
9
93
1
11
6
93
0
11
0
10
6
6
20
20
8
6
34
75
23
22
9
130
14
13
6
142
12
12
6
148
8
8
108
165
12
35
40
28
15
87
23
35
0
52
32
34
2
52
28
32
3
51
34
30
9
61
23
28
3
52
207
10
30
15
45
33
0
78
24
24
0
56
46
29
0
53
40
31
0
55
29
15
0
50
14
20
0
134
187
88
82
85
