1
5
4
0
6
17
42
3
25
97
122
4
43
122
59
0
10
84
22
4
18
37
9
4
0
0
0
0
2
5
5
0
45
30
44
33
46
102
33
21
0
158
14
0
36
110
67
5
50
38
43
5
0
0
0
0
0
0
0
0
56
0
6
20
83
68
13
36
6
121
36
5
38
82
70
6
19
68
33
0
26
94
10
0
0
0
0
0
40
0
4
8
86
102
15
25
6
172
28
4
8
131
43
2
0
138
38
0
30
168
10
4
0
0
0
0
36
2
9
5
104
85
27
12
0
166
34
2
0
156
36
0
0
139
23
0
100
156
14
20
22
16
2
12
22
9
7
16
22
88
25
29
4
122
28
12
5
86
19
10
9
106
10
35
181
47
52
14
132
107
50
47
28
42
4
54
8
39
0
37
11
47
0
22
14
55
8
25
13
181
44
44
91
80
157
8
