3
0
3
0
3
11
28
0
15
49
82
4
59
92
74
29
31
76
9
16
10
27
0
5
0
0
0
0
6
0
3
3
34
17
29
20
22
53
31
14
9
122
37
6
46
89
27
6
70
22
6
6
0
0
0
0
3
0
0
3
60
5
1
14
64
64
15
25
11
144
55
8
41
89
54
14
65
4
19
12
4
0
0
0
0
0
0
0
72
0
0
0
77
58
27
10
17
148
68
9
9
97
54
8
15
46
25
6
10
68
3
5
0
0
0
0
72
0
0
0
89
57
24
8
10
132
40
4
0
133
35
0
0
132
26
0
100
138
6
18
21
20
13
34
70
1
14
7
62
47
39
14
12
121
32
19
9
89
20
24
13
72
11
24
219
38
10
13
177
44
10
91
89
17
11
39
65
53
26
106
29
55
25
91
47
41
15
53
22
24
11
43
238
62
41
41
