3
1
4
0
3
30
38
1
10
114
99
27
14
111
65
36
4
65
11
8
0
64
13
5
0
56
12
0
10
5
5
0
37
56
44
19
13
125
56
12
0
153
47
0
23
132
42
13
20
98
38
6
0
55
23
0
2
4
0
0
71
5
7
15
52
66
34
28
0
120
71
1
18
123
52
1
27
94
35
4
4
93
16
29
0
0
0
0
79
0
2
1
80
75
32
9
0
127
61
2
0
124
50
0
15
124
34
5
25
109
33
31
4
0
0
0
70
0
12
2
72
66
39
7
0
140
58
2
0
144
32
0
4
144
12
6
39
118
6
47
10
37
0
15
35
54
18
21
21
106
45
16
1
107
34
8
2
89
18
23
5
68
7
22
135
41
37
37
18
173
0
97
23
135
3
49
20
136
13
53
17
122
12
25
20
62
6
54
55
112
14
85
218
132
64
18
