2
0
10
0
2
19
45
0
0
64
70
0
20
133
95
6
46
102
40
8
26
15
1
6
0
0
0
0
19
0
12
9
41
17
35
19
23
85
28
4
8
116
25
3
57
63
32
14
52
11
11
8
0
0
0
0
26
0
0
8
78
9
5
20
14
85
30
7
12
118
47
5
47
51
37
15
40
49
23
8
10
7
3
0
30
0
0
2
81
3
5
3
3
85
34
4
7
114
53
2
13
100
45
6
19
114
21
4
12
79
3
6
32
0
0
0
86
0
1
1
24
68
18
8
9
137
45
3
6
148
32
2
0
140
12
2
78
125
7
22
76
20
23
9
99
2
4
11
31
60
30
29
45
66
30
41
53
69
14
30
44
68
12
24
172
28
24
8
212
50
74
26
81
25
5
49
95
53
17
75
79
59
10
54
79
56
1
48
63
73
16
72
143
96
77
20
