2
4
10
0
6
31
44
1
30
107
104
1
25
119
85
15
5
70
19
8
11
49
9
11
10
6
2
6
23
4
29
14
28
46
52
10
7
128
44
3
2
164
34
0
22
134
42
6
31
42
47
10
18
6
12
6
70
0
6
12
77
71
26
20
0
139
36
5
0
140
30
4
17
104
48
9
23
39
44
6
0
3
6
5
85
0
1
2
101
73
23
11
0
152
39
9
3
134
28
7
9
148
38
9
14
97
26
23
15
61
6
24
83
0
1
2
81
89
23
11
0
163
41
4
4
99
26
7
6
136
29
7
7
111
30
8
90
106
21
39
52
32
9
11
42
91
16
7
17
105
32
4
41
88
23
10
34
66
20
12
31
53
24
16
142
27
63
12
157
91
15
59
34
49
9
18
89
73
10
26
92
45
6
19
81
28
12
35
113
52
51
56
105
30
115
6
