4
0
0
0
35
32
63
14
36
129
107
8
32
111
34
7
6
26
7
13
0
0
0
0
0
0
0
0
4
0
0
0
73
14
9
28
54
115
37
24
22
123
55
16
36
45
26
29
7
0
0
3
0
0
0
0
0
0
0
0
79
2
2
9
69
68
25
22
17
86
63
16
45
65
30
18
11
30
8
3
2
57
5
14
0
0
0
0
71
9
4
2
62
96
32
12
7
135
61
7
4
124
52
0
9
132
30
1
71
112
22
33
0
20
0
2
27
23
7
5
26
96
20
10
4
105
30
5
0
74
25
3
22
39
19
4
143
15
56
4
6
77
0
93
12
72
8
40
6
49
6
29
9
70
13
36
0
99
38
13
48
69
20
19
140
4
48
0
8
36
0
68
11
33
2
28
1
26
4
17
1
35
7
15
0
95
15
22
86
156
33
17
148
50
40
0
