11
14
20
5
8
53
55
10
1
140
98
9
21
218
57
20
19
140
1
10
11
68
2
21
8
7
2
7
57
12
18
15
44
69
30
29
1
71
10
14
4
123
15
24
15
130
7
26
62
59
34
23
24
7
13
8
58
0
10
10
62
93
23
22
0
153
23
10
0
86
6
10
17
83
15
31
53
42
34
11
8
12
6
0
57
0
4
9
62
74
17
15
3
168
10
5
0
177
3
8
11
152
19
14
17
112
25
10
19
34
15
0
47
3
0
8
81
32
12
13
12
162
17
7
0
212
6
8
9
200
17
6
11
186
24
5
17
101
14
52
18
104
0
68
32
83
14
43
10
128
11
33
13
134
9
36
13
131
14
30
0
110
9
11
107
64
22
81
0
102
0
68
7
103
0
48
8
66
0
42
18
33
2
43
18
101
26
43
20
174
82
40
125
123
136
22
