24
23
8
1
34
79
88
1
38
106
114
0
15
94
44
3
37
76
14
5
26
14
0
2
0
0
0
0
52
37
9
16
34
84
53
9
4
97
76
1
6
113
60
3
67
54
33
12
46
7
8
5
0
0
0
0
62
0
0
12
52
47
22
17
4
101
65
2
3
114
83
0
24
96
70
6
18
28
22
4
0
34
9
15
71
0
0
1
67
32
17
8
8
82
79
5
9
99
84
0
19
91
79
3
12
91
55
4
71
76
22
43
60
4
0
8
49
54
13
18
5
118
73
8
3
111
80
0
9
72
69
0
9
46
32
1
185
23
13
17
12
54
9
17
12
68
8
30
0
133
39
24
1
90
33
28
9
57
15
41
8
11
6
19
205
0
10
9
0
184
24
50
0
98
10
34
0
52
8
30
1
105
1
45
8
46
6
50
7
66
29
24
211
113
96
0
