7
9
2
0
16
44
34
2
4
81
89
2
32
149
77
12
50
116
32
28
19
13
9
7
0
0
0
0
28
18
2
2
61
59
25
21
12
111
40
15
20
129
41
2
75
72
26
9
20
4
7
3
0
0
0
0
29
5
0
2
103
26
12
11
19
116
42
11
1
165
36
0
6
135
16
3
16
61
9
10
4
1
3
2
32
0
0
0
109
20
12
5
27
100
42
5
0
156
26
0
0
173
11
0
9
109
11
5
6
69
3
12
24
0
0
0
97
51
10
6
20
118
40
4
0
117
37
0
0
143
9
0
0
150
0
2
84
151
24
31
8
55
0
33
21
75
3
21
5
124
20
35
8
74
16
16
4
63
8
25
4
81
9
24
128
59
85
18
0
94
0
40
2
23
0
13
4
54
5
25
5
38
5
26
2
116
18
74
20
148
79
41
69
48
127
10
