8
6
7
1
12
55
67
4
2
120
132
4
12
114
94
12
13
70
30
5
13
23
12
0
0
0
0
0
25
8
7
2
64
58
37
17
9
123
58
4
2
124
70
2
19
71
79
15
17
20
30
7
0
0
0
0
16
0
0
2
79
10
9
14
25
93
46
8
0
126
84
0
5
119
74
8
19
63
24
14
5
25
4
8
5
0
1
2
74
3
11
4
23
79
43
5
0
128
76
0
14
117
80
5
18
120
69
7
58
106
19
39
10
0
2
2
69
14
23
14
29
107
52
8
0
144
57
1
4
111
62
3
4
77
35
2
172
50
25
15
26
42
2
38
83
36
20
23
72
78
30
42
20
78
24
50
8
73
12
59
13
20
2
31
180
1
52
3
150
78
1
141
79
65
7
79
69
75
13
103
49
41
6
82
16
30
1
61
27
90
4
95
146
98
64
24
