0
2
0
0
16
20
27
3
21
99
128
10
15
126
87
16
27
78
23
10
28
10
4
6
0
0
0
0
0
2
0
0
82
21
20
11
53
98
48
7
7
152
41
2
78
66
56
8
40
12
15
3
0
5
1
0
0
0
0
0
119
6
4
3
79
83
29
7
9
127
59
5
43
97
61
5
10
82
48
0
14
66
34
0
0
0
0
0
118
7
7
4
85
54
30
7
3
126
49
2
3
115
84
2
0
129
67
0
90
115
67
8
0
0
0
0
98
14
15
9
65
115
43
15
0
174
53
1
0
134
57
1
0
100
51
1
176
45
61
8
2
34
0
18
37
40
6
25
28
87
17
30
4
101
22
23
13
60
15
18
20
54
14
34
106
29
86
7
43
68
4
161
19
47
6
60
47
73
12
62
42
59
7
72
29
37
1
35
33
40
9
38
31
43
40
12
