2
0
4
0
6
26
20
0
6
108
99
3
9
197
134
2
26
151
57
4
20
87
17
8
10
17
2
5
32
0
4
0
75
45
32
2
26
123
37
4
4
133
55
2
25
89
67
9
16
40
40
4
7
6
2
1
56
0
0
0
107
21
5
7
30
105
32
5
3
135
62
0
5
131
70
4
5
54
27
8
0
0
0
0
56
0
0
0
87
26
7
4
21
115
36
6
7
127
64
0
4
137
51
2
5
101
36
4
12
86
15
39
48
3
0
1
102
33
13
8
27
112
37
6
3
102
67
0
4
102
54
0
2
113
40
3
136
78
19
61
20
53
0
13
45
53
11
31
18
121
37
16
16
101
41
14
22
65
20
37
30
80
5
15
188
93
15
22
10
204
0
62
0
116
2
50
1
129
7
25
12
71
9
16
21
72
0
43
10
184
20
38
184
192
97
9
