14
0
4
0
19
35
56
2
12
137
123
2
30
151
57
0
1
99
0
2
3
67
10
10
4
12
6
10
33
0
4
3
66
14
22
18
17
113
36
10
0
170
18
2
16
159
17
10
49
77
41
17
20
16
18
10
29
0
0
3
94
7
6
11
19
99
17
15
0
136
15
5
21
69
24
20
33
77
37
7
33
73
4
12
29
0
0
1
89
9
5
5
16
111
19
8
0
143
23
2
3
92
14
5
3
131
15
5
33
194
0
17
19
0
1
2
71
21
10
14
22
116
18
8
0
165
19
0
8
164
36
2
6
168
20
8
58
166
0
36
27
48
1
36
30
54
3
29
12
110
8
16
42
131
11
22
30
93
17
18
42
91
8
37
201
36
7
26
31
119
0
132
40
91
0
107
18
41
0
49
39
33
0
34
40
75
9
22
32
217
9
36
221
183
48
28
