7
9
16
2
15
42
60
3
40
76
80
26
17
131
34
20
19
119
5
5
31
27
3
3
0
0
0
0
25
14
19
2
68
39
26
19
10
97
22
17
2
130
34
2
36
99
56
5
52
18
27
3
0
0
0
0
32
0
0
0
104
12
3
11
29
86
27
28
0
151
51
6
3
132
61
0
12
69
42
9
6
14
10
6
31
0
1
0
109
12
6
5
36
118
24
12
0
153
46
3
0
160
28
0
4
132
28
6
10
93
15
22
17
0
3
4
54
28
19
19
17
142
19
8
0
165
29
0
0
145
18
1
0
143
9
2
103
97
12
32
65
24
17
32
16
64
7
31
11
63
11
23
16
48
8
36
12
52
2
58
20
54
2
50
179
20
37
6
153
48
54
39
41
51
0
30
61
52
0
33
21
21
0
50
12
68
4
66
29
174
45
76
148
80
107
5
