2
0
6
0
20
25
45
4
47
111
116
4
38
119
72
3
24
67
25
8
21
12
9
6
0
0
0
0
24
0
25
9
35
39
63
13
11
120
65
6
6
151
58
3
58
87
43
8
52
22
14
2
2
2
0
0
44
0
9
19
62
57
33
28
3
103
73
1
1
130
67
0
11
134
57
0
40
82
28
0
12
42
2
0
32
0
0
4
126
20
14
12
53
91
56
12
15
127
56
4
11
124
60
1
17
129
52
0
92
153
7
8
30
2
0
0
123
25
9
19
53
113
35
33
23
149
46
8
17
121
44
2
22
69
30
5
207
39
11
11
31
61
0
34
58
53
7
18
16
87
16
33
29
57
17
33
34
31
5
30
51
30
4
37
198
11
43
16
61
94
0
113
51
55
0
30
19
44
12
49
14
15
9
34
46
19
0
39
46
79
20
87
126
61
122
27
