0
0
0
0
16
17
25
0
42
84
116
10
36
89
81
8
12
88
23
5
24
73
37
8
26
19
17
0
6
15
9
0
61
81
49
7
44
114
23
11
24
139
33
6
21
161
63
5
39
66
74
7
17
8
19
0
8
15
9
0
12
77
10
5
66
91
4
19
30
140
36
10
4
144
64
0
7
130
43
2
2
57
13
16
0
0
0
0
7
0
5
0
82
37
27
6
38
124
37
13
9
148
54
5
0
181
38
3
16
130
14
40
0
37
11
4
13
59
36
0
45
83
51
7
10
143
39
6
7
129
43
9
4
121
28
7
110
98
16
70
16
96
26
16
13
124
46
9
20
87
37
18
21
56
21
22
39
39
6
30
34
77
10
31
98
131
50
17
168
81
38
43
12
79
6
31
38
71
31
48
35
64
31
42
26
41
14
23
37
62
6
41
18
81
15
12
