16
9
25
0
99
28
86
9
60
102
30
28
0
123
5
16
27
85
17
13
32
13
6
11
0
0
0
0
62
12
10
4
98
17
16
11
46
111
4
25
0
200
15
17
47
123
36
14
57
15
9
5
0
0
0
0
63
9
0
6
105
31
3
21
29
125
11
15
0
185
32
9
16
136
28
12
14
28
5
3
0
0
0
0
72
0
0
0
92
39
15
12
15
151
23
9
0
167
31
0
4
160
29
3
4
131
6
3
20
107
38
23
54
22
2
8
60
59
11
14
10
122
24
4
7
132
33
10
8
135
29
28
0
127
8
13
150
85
40
17
38
104
2
70
36
53
14
35
33
74
11
42
63
43
8
44
35
53
6
70
19
48
3
78
173
7
34
20
71
79
0
40
78
49
2
31
132
35
2
53
81
18
0
27
104
55
4
61
72
120
55
89
101
87
64
46
