5
1
2
0
28
54
33
13
47
178
77
12
39
162
63
2
17
56
34
13
10
4
12
6
0
0
0
0
6
2
2
2
64
52
17
49
43
145
26
28
6
157
54
3
43
63
51
15
13
2
9
4
0
0
0
0
1
1
0
2
90
14
4
14
78
102
33
11
4
146
67
1
12
160
39
5
15
81
3
5
3
2
0
1
0
0
0
0
121
6
4
1
127
41
19
1
4
128
64
0
0
176
44
0
4
157
24
3
40
115
23
16
0
0
0
0
86
13
9
4
80
100
37
11
4
119
39
6
1
133
30
2
0
172
23
15
151
108
36
19
10
110
0
38
20
85
8
19
21
91
12
32
10
72
4
36
1
34
1
10
12
88
13
25
107
40
71
24
8
87
0
37
2
38
0
14
0
37
0
15
10
50
11
85
4
125
12
95
47
156
63
22
73
39
103
3
