3
0
5
0
9
36
38
1
9
108
112
1
12
126
109
13
18
80
27
13
16
23
1
8
0
0
0
0
23
0
6
3
55
32
37
10
16
130
61
5
3
166
47
0
27
123
52
10
53
30
20
7
0
0
0
0
30
0
0
2
98
32
13
11
16
155
37
8
2
167
31
6
19
64
55
6
11
12
13
0
0
0
0
0
32
0
3
1
90
34
16
6
14
149
32
5
1
192
28
11
1
90
29
14
0
79
25
0
38
113
21
26
24
0
3
5
70
38
13
29
22
115
28
13
6
120
43
3
0
117
42
1
0
100
46
0
88
98
96
18
5
129
0
66
8
82
2
52
34
88
9
69
37
80
14
57
40
46
17
45
36
17
68
7
25
39
104
0
0
95
0
49
0
108
0
52
37
76
0
57
38
48
2
68
53
57
94
44
48
19
134
9
8
0
24
0
