0
0
0
0
2
5
9
0
13
37
41
3
23
119
99
3
28
179
93
0
7
161
15
3
9
81
22
18
6
3
4
1
18
11
45
4
21
52
55
8
11
137
40
6
0
142
38
0
25
119
37
5
48
80
71
17
6
3
4
1
60
12
17
11
41
58
30
17
2
142
42
2
0
163
31
2
18
117
35
2
25
30
31
0
0
0
0
0
54
0
9
17
41
59
32
16
9
178
47
4
0
200
26
2
4
121
5
12
1
27
1
7
2
0
0
0
37
37
12
12
43
98
26
15
8
170
38
4
0
167
31
0
8
153
17
6
58
84
2
54
18
105
3
16
14
96
7
21
12
112
11
19
8
109
16
25
8
111
10
45
7
78
5
42
167
27
8
50
59
134
7
142
32
133
3
94
13
139
10
84
35
150
25
68
27
77
0
52
0
77
0
39
209
108
36
19
