4
12
10
0
9
43
36
2
17
64
71
14
29
97
61
39
25
92
19
16
20
14
8
8
0
0
0
0
9
15
12
0
64
57
31
12
37
90
32
7
2
123
35
2
66
70
40
10
39
3
10
4
0
0
0
0
0
0
0
0
103
12
5
4
62
96
31
5
6
154
36
0
30
95
18
1
23
24
2
1
0
42
0
2
0
0
0
0
99
9
12
12
105
85
34
14
7
124
27
4
24
91
12
7
7
118
20
3
80
168
4
20
0
0
0
0
30
32
28
16
33
92
47
18
4
92
33
1
8
79
19
2
11
74
13
8
212
53
13
14
8
66
25
53
0
59
14
21
2
131
12
21
19
78
6
5
12
74
20
4
44
49
2
27
219
14
32
13
6
61
23
44
0
31
6
9
2
49
0
11
4
28
3
3
16
59
3
40
13
151
4
80
145
107
129
29
