2
5
5
0
6
40
26
0
9
97
64
0
47
136
98
7
45
84
41
12
13
10
2
5
0
0
0
0
27
12
7
12
40
90
62
16
15
155
83
1
23
129
57
7
32
52
37
11
25
10
13
6
0
0
0
0
38
0
1
13
81
46
27
40
24
108
53
25
11
48
35
4
36
38
27
19
15
41
20
6
22
85
17
8
29
0
0
3
88
19
8
25
30
53
33
30
7
65
33
11
14
77
27
10
11
122
45
4
149
102
25
18
17
1
0
2
44
44
0
8
5
99
22
6
9
102
32
9
6
78
23
17
0
55
11
16
214
11
19
6
23
93
7
41
10
80
14
22
8
119
7
32
11
105
7
43
16
73
0
67
18
70
6
72
222
13
21
20
22
105
9
52
6
82
19
23
18
113
5
32
26
63
5
48
12
93
0
71
13
175
6
76
191
168
48
39
