3
0
1
0
8
9
33
0
13
64
116
3
40
156
119
3
53
104
18
3
35
20
1
0
0
0
0
0
26
15
9
0
39
64
56
5
5
126
77
4
19
155
66
6
102
55
44
13
57
0
7
0
0
0
0
0
70
7
9
0
56
64
36
8
10
130
69
5
8
159
65
4
57
100
53
4
25
5
8
0
0
0
0
0
79
1
8
0
46
42
23
7
8
90
49
3
0
158
42
4
5
115
44
0
5
87
26
0
48
127
11
12
95
5
18
2
40
75
42
5
0
136
44
0
0
134
46
0
4
128
42
0
11
97
38
0
129
107
65
11
63
45
6
2
14
103
32
9
6
158
34
16
6
89
26
15
16
67
15
12
19
20
31
4
72
5
119
0
80
213
1
40
46
82
2
10
20
145
19
34
12
59
7
24
8
46
14
6
10
78
86
2
16
16
64
0
