0
0
0
0
3
14
11
0
3
54
31
0
0
79
60
1
16
142
108
14
42
98
52
20
27
9
1
5
0
0
0
0
54
16
19
9
42
71
35
4
0
106
26
2
5
126
34
3
62
68
39
5
59
9
10
2
0
0
0
0
88
0
1
3
55
40
4
11
0
94
20
8
9
123
43
11
31
70
53
10
18
5
11
0
0
0
0
0
79
1
10
0
40
31
18
1
0
94
29
7
3
160
32
11
13
108
28
9
14
61
9
16
8
0
1
1
81
3
13
3
61
58
28
9
11
105
38
6
15
109
28
10
4
129
21
6
98
96
13
35
51
22
22
1
90
4
26
10
85
40
47
10
82
46
27
21
36
39
12
57
26
48
11
39
179
25
26
12
215
65
108
0
151
17
33
1
90
24
27
9
51
24
18
17
9
90
16
41
25
138
6
45
113
121
57
17
