3
9
8
0
21
32
57
2
61
85
86
32
16
100
32
18
10
79
20
9
16
14
7
11
0
0
0
0
20
40
18
2
38
82
42
18
4
133
50
11
0
157
35
0
70
104
32
12
54
14
19
7
0
0
0
0
27
11
2
2
95
49
12
20
15
136
27
16
0
175
29
0
42
120
20
0
31
10
7
0
0
0
0
0
32
0
0
0
117
39
12
6
22
163
23
6
0
168
18
0
12
97
9
0
3
3
2
0
0
0
0
0
22
10
0
2
92
61
5
12
10
152
18
8
0
180
4
0
0
169
1
0
9
150
1
2
44
112
15
21
91
45
10
30
15
53
2
20
14
99
6
39
15
107
3
29
15
119
6
34
32
126
3
21
157
90
15
28
120
29
25
10
7
10
0
15
32
33
0
37
16
20
1
21
23
34
9
42
51
50
37
24
115
103
106
30
