0
0
0
0
4
13
13
0
34
64
50
12
49
158
61
30
20
121
34
13
16
65
10
1
20
14
4
0
0
0
0
0
28
12
16
24
39
42
29
24
24
130
44
6
20
105
40
9
40
43
33
6
24
11
10
1
0
0
0
0
26
0
0
16
77
27
9
27
24
104
45
5
17
137
62
2
22
112
31
11
8
31
9
10
0
0
0
0
31
0
1
0
81
23
12
4
7
109
59
7
4
143
63
0
2
163
27
4
20
115
11
6
0
0
0
0
27
3
7
7
58
29
30
13
4
127
52
5
0
156
46
0
0
157
12
1
123
135
3
9
10
79
0
29
17
45
3
31
27
99
14
36
7
90
28
21
17
94
18
25
31
66
19
18
176
15
43
4
33
82
15
98
28
60
18
58
20
87
22
41
17
103
10
32
29
196
10
33
43
197
58
12
100
44
123
1
