2
5
7
0
5
48
63
0
8
142
112
0
54
157
75
2
37
78
15
2
10
10
8
0
0
0
0
0
4
5
7
0
57
59
65
13
27
121
80
8
8
92
87
5
23
60
51
12
10
16
9
3
0
1
0
1
0
0
0
0
121
7
4
10
95
60
35
10
7
109
74
2
3
113
60
10
18
85
14
15
12
12
0
4
0
0
0
0
106
9
8
3
87
71
35
7
11
121
66
0
0
128
64
0
10
154
21
7
27
136
2
33
0
0
0
0
39
38
19
2
30
121
55
2
6
125
67
2
4
113
45
2
2
121
20
3
139
131
23
39
30
37
4
19
10
59
8
25
4
85
17
20
9
58
22
35
9
39
12
30
10
96
13
11
130
66
82
24
80
44
10
22
4
32
4
26
0
33
2
25
11
83
2
56
6
195
4
75
28
181
54
19
91
65
119
5
