3
0
3
0
11
17
34
0
12
72
86
4
65
110
61
50
80
42
7
45
0
0
0
0
0
0
0
0
14
2
5
5
57
33
57
25
26
106
96
14
62
116
70
8
92
19
28
5
0
0
0
0
0
0
0
0
9
1
1
5
83
25
13
41
54
110
56
26
30
130
63
3
35
70
30
5
3
25
4
4
0
0
0
0
0
0
0
0
67
0
1
14
73
46
29
14
2
122
54
0
2
142
47
3
7
92
21
6
10
61
9
26
0
0
0
0
41
6
9
14
43
84
40
17
0
156
51
1
0
126
46
0
0
127
27
0
107
97
12
66
7
54
0
35
38
26
4
28
33
74
16
29
16
93
18
13
17
59
11
13
37
27
5
11
193
7
26
34
29
91
0
108
39
34
0
43
40
23
0
27
18
36
0
10
18
26
0
16
64
32
6
58
203
92
133
28
