0
0
0
0
5
7
16
0
23
61
64
2
38
103
139
2
31
86
75
10
17
18
6
11
0
0
0
0
4
27
6
1
26
40
58
6
23
52
61
6
7
105
55
3
42
64
79
13
43
15
35
11
0
0
0
0
6
27
6
1
71
45
22
14
38
91
21
14
4
123
35
0
25
61
84
0
17
21
22
0
0
0
0
0
0
0
0
0
104
15
8
3
68
121
29
4
3
177
50
0
7
147
56
0
16
106
14
2
0
58
8
10
0
0
0
0
103
22
11
8
62
115
45
8
0
139
63
0
0
140
56
0
0
125
45
2
72
136
22
56
6
60
0
22
44
35
5
18
29
108
31
20
9
91
37
15
8
48
25
9
0
14
10
0
123
28
87
20
50
135
0
119
35
48
1
74
27
44
11
64
27
30
8
55
23
17
3
17
28
70
61
5
86
65
137
0
