4
24
0
4
0
39
29
0
4
123
113
0
20
150
89
15
13
113
17
13
20
38
1
17
9
0
0
1
53
75
0
66
20
45
35
8
0
111
75
0
0
133
61
0
27
120
34
9
82
28
17
13
14
0
1
1
134
6
0
48
49
44
32
25
1
101
77
9
1
144
66
1
34
109
38
5
50
48
23
11
15
11
4
4
135
0
0
11
88
22
15
25
21
105
64
16
1
128
70
1
6
131
38
1
14
118
27
3
20
107
6
23
93
10
0
15
80
66
6
16
12
133
39
6
0
132
56
0
0
123
37
0
2
131
23
2
119
118
15
32
25
45
8
20
17
109
8
20
10
151
25
12
12
121
34
17
10
122
29
17
18
83
6
39
164
49
19
30
10
136
15
37
10
140
0
30
18
89
0
27
8
94
26
22
10
186
33
31
10
243
30
45
145
135
92
18
