8
1
3
0
24
40
39
1
13
116
102
1
33
121
84
0
10
86
44
0
23
96
46
5
40
43
23
2
38
1
3
2
74
60
40
10
10
126
60
2
0
129
68
1
0
127
68
1
50
63
78
5
33
6
23
2
39
0
0
3
115
21
13
13
44
96
49
1
6
112
82
2
29
98
76
13
46
70
45
5
16
0
4
0
31
0
0
1
144
15
11
6
58
108
48
6
6
119
90
1
12
100
55
3
19
86
35
2
46
107
22
15
29
0
3
0
127
22
19
8
38
103
47
12
0
119
69
0
0
124
54
0
0
111
41
0
168
97
24
25
59
78
3
8
70
74
22
14
22
112
36
16
36
80
40
10
45
54
18
21
28
45
3
42
221
7
15
27
177
74
20
69
91
45
11
35
59
65
18
68
70
33
10
23
62
116
10
56
17
215
4
66
173
201
96
16
