0
0
0
0
6
21
22
1
44
84
79
7
48
160
100
16
35
79
21
19
16
5
0
3
0
0
0
0
0
0
0
0
58
28
31
23
28
130
30
26
12
175
26
7
89
93
24
10
36
14
3
3
0
0
0
0
0
0
0
0
89
8
6
15
61
97
24
14
3
164
20
3
15
129
33
7
14
87
26
9
3
20
6
11
0
0
0
0
88
2
7
3
45
54
33
8
5
126
36
5
6
138
46
4
2
127
26
7
2
48
8
24
6
5
2
3
52
20
26
4
18
98
39
9
6
141
55
6
6
138
28
6
2
151
6
1
69
95
0
74
62
29
2
65
51
68
12
35
23
69
19
29
21
77
10
32
46
58
7
49
29
43
5
29
178
22
20
34
74
39
0
75
35
19
2
38
49
54
10
59
33
38
2
45
35
26
3
46
40
71
54
43
129
92
163
10
