0
0
0
0
7
10
11
0
40
69
38
7
75
133
86
6
43
123
40
6
11
45
0
10
6
0
0
0
0
0
0
0
79
13
14
2
121
61
37
19
29
147
48
12
9
194
29
6
72
83
14
15
10
0
0
0
0
0
0
0
94
3
0
3
136
37
3
10
33
120
30
3
10
151
45
0
20
64
26
0
4
0
0
0
0
0
0
0
90
3
3
0
129
33
8
0
24
104
32
0
4
128
56
0
12
102
16
0
14
70
8
0
0
0
0
0
104
7
13
4
105
65
33
9
4
122
46
0
0
125
43
0
7
153
3
1
127
179
23
11
0
18
0
10
42
15
16
9
39
97
40
24
11
78
26
15
16
50
12
14
27
50
3
8
184
63
54
7
4
128
0
128
5
45
0
24
14
74
6
24
17
58
2
23
14
11
0
11
35
15
16
2
192
54
89
1
