0
0
0
0
2
6
8
0
42
27
71
4
86
73
101
4
42
78
50
0
42
27
13
0
0
0
0
0
15
14
4
3
32
65
32
3
28
77
50
5
15
97
63
5
69
58
63
2
65
7
23
3
0
0
0
0
35
24
6
9
105
44
12
25
39
80
36
5
2
93
65
2
30
58
62
10
25
11
24
2
0
0
0
0
28
0
0
4
139
11
0
16
67
78
37
6
0
109
71
2
5
98
71
2
20
43
27
0
2
47
5
6
28
0
2
2
108
16
14
8
32
99
44
5
0
114
64
0
1
112
59
0
1
96
63
0
86
96
31
43
24
2
2
0
96
39
22
5
20
111
46
5
0
112
54
0
0
97
47
0
0
56
34
0
165
14
48
25
10
231
33
0
19
81
16
4
1
131
19
7
0
38
12
0
0
3
3
0
8
30
26
4
119
37
169
3
