2
3
3
0
17
24
31
2
27
59
84
8
26
124
71
23
9
82
17
14
11
28
2
13
7
0
0
1
19
3
5
7
57
21
26
26
29
73
17
33
7
141
20
4
26
117
27
12
70
26
12
16
16
0
2
2
27
0
0
7
85
2
2
23
25
97
7
19
0
172
15
1
12
142
33
1
42
79
29
12
15
12
2
7
30
0
2
0
94
3
12
3
55
62
30
19
0
139
36
7
0
161
35
0
18
146
22
6
27
78
2
19
19
1
2
2
82
10
16
18
43
64
37
34
2
142
44
14
0
159
47
0
4
173
24
1
70
119
2
41
53
31
26
10
40
28
11
27
36
49
12
27
41
141
19
15
36
102
23
27
20
78
7
33
191
28
5
24
125
87
66
4
63
48
1
44
62
63
0
47
48
45
0
15
30
40
0
28
28
137
8
57
201
156
73
22
