8
0
1
1
20
21
41
2
48
81
99
16
26
110
38
14
26
46
14
18
9
0
1
2
0
0
0
0
8
0
1
1
70
19
17
22
21
128
32
15
16
176
42
8
82
65
49
16
11
0
3
2
0
0
0
0
0
0
0
0
86
18
5
19
46
140
23
17
10
187
41
6
27
113
41
9
2
26
12
0
0
0
0
0
0
0
0
0
97
13
4
6
64
109
22
7
0
174
28
0
0
168
40
0
0
119
24
5
11
89
4
34
0
0
0
0
88
14
8
2
58
97
29
8
0
136
28
0
0
136
20
0
0
110
19
5
108
78
21
61
34
23
0
33
42
40
6
22
34
57
10
37
10
66
3
37
6
44
0
42
19
33
3
53
171
2
53
12
96
54
16
56
15
22
0
35
19
66
0
67
10
48
0
38
9
19
0
32
49
50
29
52
135
39
119
15
