74
131
48
27
13
264
71
8
0
313
62
11
6
291
31
6
8
147
6
13
4
49
0
21
4
5
0
7
113
18
9
54
46
109
28
29
3
174
12
11
0
193
0
7
4
173
1
22
75
72
2
45
57
5
1
11
92
2
3
25
119
47
15
37
7
109
5
11
0
141
1
0
4
119
13
20
81
65
39
19
53
3
13
1
86
1
0
5
101
68
14
19
4
192
22
8
0
220
11
9
2
191
37
26
11
98
33
8
3
3
8
0
49
9
0
10
42
91
32
13
0
212
25
1
0
195
16
15
2
193
22
23
2
157
9
28
4
71
0
61
43
82
10
41
23
79
10
36
4
101
10
51
2
95
11
52
16
98
18
46
16
84
9
57
123
68
0
97
36
115
10
79
25
128
15
58
4
95
7
76
26
117
8
85
44
133
29
98
56
129
38
109
185
105
127
41
