0
0
0
0
0
0
0
0
16
44
38
0
45
98
113
6
34
82
49
11
14
15
1
2
0
0
0
0
0
40
8
0
6
103
35
2
16
147
42
3
4
162
45
1
54
102
48
6
44
20
23
3
0
0
0
0
0
50
10
0
41
79
28
2
58
104
32
12
0
153
38
1
23
86
55
2
16
17
19
2
0
0
0
0
0
0
0
0
61
0
6
1
92
59
47
8
0
125
68
1
0
135
38
3
0
92
6
2
4
80
4
12
0
0
0
0
54
2
18
6
85
76
56
15
0
132
69
3
0
118
42
0
0
135
7
0
122
137
10
33
24
22
0
6
26
9
21
22
26
57
46
39
3
75
29
31
16
33
15
14
26
16
9
15
171
25
58
6
257
42
0
15
39
25
7
37
37
31
8
42
7
38
9
36
14
58
40
10
30
102
115
11
39
66
141
0
