0
3
3
0
2
24
10
0
42
64
67
11
93
107
92
6
27
99
39
5
26
36
19
3
0
0
0
0
2
11
7
0
41
78
31
10
30
128
62
14
7
173
68
6
41
128
70
5
22
29
24
3
0
0
0
0
1
6
1
0
95
24
15
10
47
123
51
9
9
166
48
5
15
59
22
4
0
9
7
0
2
43
7
10
6
0
1
1
85
19
27
9
44
111
41
6
4
153
32
5
6
99
31
4
0
108
38
0
77
129
19
33
14
3
2
5
84
33
22
17
33
112
40
7
0
133
38
3
0
111
43
6
0
72
28
8
195
51
7
23
70
8
33
5
52
37
24
41
23
63
22
26
18
55
20
35
18
34
14
36
18
49
9
46
229
25
19
19
192
52
43
1
9
24
4
23
10
40
9
19
12
17
4
21
33
37
4
52
31
149
2
100
145
132
159
30
