1
0
8
3
6
16
64
4
35
103
111
1
52
112
49
1
5
67
17
1
12
26
6
0
0
0
0
0
4
0
8
8
56
13
43
48
28
72
34
18
4
141
45
2
19
72
56
5
16
25
22
1
0
0
0
0
3
0
0
3
79
4
3
28
67
90
21
24
3
133
54
0
14
67
40
7
7
6
7
4
0
0
0
0
0
0
0
0
84
2
8
2
88
86
28
8
0
138
58
0
9
139
34
6
6
96
9
3
19
116
2
11
6
0
1
1
65
20
30
7
52
112
46
8
0
130
64
0
0
127
41
0
0
132
14
0
133
127
19
17
6
42
1
27
30
50
14
24
17
96
26
25
15
68
21
36
13
46
6
27
18
56
9
25
138
4
84
0
18
78
0
106
23
32
0
23
24
57
0
31
18
19
0
33
44
42
0
70
63
115
37
79
112
45
106
5
