0
0
0
0
22
13
32
1
47
79
143
7
19
128
124
3
32
108
66
10
11
34
23
2
0
0
0
0
5
2
5
0
61
26
45
14
40
102
64
12
18
102
81
5
50
33
77
14
9
10
14
5
0
0
0
0
5
2
5
0
90
15
17
10
54
86
61
11
19
119
83
3
11
95
74
4
8
25
26
7
0
0
0
0
13
0
1
0
80
6
33
3
25
82
69
4
0
127
55
0
0
126
52
0
0
113
27
12
30
102
1
29
18
0
1
1
69
31
29
17
9
101
55
7
0
112
44
0
4
105
38
1
6
99
13
12
147
74
3
48
12
18
0
8
22
60
6
30
9
57
16
32
17
58
7
26
38
39
0
23
62
21
1
32
190
2
32
12
65
125
0
72
23
31
0
44
12
45
15
48
14
27
6
19
34
27
0
19
43
72
13
58
150
82
109
25
