21
2
15
0
39
45
87
5
57
123
107
5
25
146
35
4
46
93
19
6
25
14
3
0
0
0
0
0
57
0
6
5
53
40
30
11
4
135
50
5
14
138
44
4
74
47
33
4
20
9
5
0
0
4
0
0
53
0
0
3
87
36
11
10
12
146
34
6
2
173
37
0
11
146
41
0
20
92
16
0
10
7
3
0
56
0
0
0
99
22
11
6
24
120
35
7
0
161
39
0
0
156
30
0
7
133
21
5
27
109
9
11
44
3
0
5
85
44
15
12
21
112
45
6
1
135
30
2
3
145
15
5
17
117
22
8
118
89
20
23
22
103
0
23
48
56
17
19
53
51
23
23
63
40
17
18
88
35
9
18
70
18
13
17
168
0
32
0
17
125
0
32
34
31
2
13
60
41
2
13
52
24
0
6
68
67
8
19
56
161
39
30
132
58
104
4
