0
0
0
0
8
16
8
0
20
132
34
28
17
194
27
64
31
116
32
43
17
97
31
13
22
32
18
14
2
0
0
0
29
39
13
7
48
88
30
6
11
132
49
6
5
120
65
8
32
47
71
6
14
0
24
0
2
0
0
0
55
12
7
8
68
55
14
17
18
152
49
7
0
151
57
0
0
68
34
0
0
0
6
0
0
0
0
0
48
6
2
4
88
48
17
13
23
145
32
6
0
171
39
0
0
127
26
1
8
75
9
24
0
20
0
0
36
2
0
6
69
44
19
18
16
132
34
4
0
136
42
0
0
139
27
2
122
96
15
41
110
53
5
18
17
33
11
35
17
57
23
37
15
62
20
23
25
63
5
21
4
64
12
26
200
3
20
17
163
57
5
21
19
48
6
51
36
83
11
46
20
66
15
23
24
95
6
47
8
234
15
37
166
131
99
4
