9
0
1
0
30
9
43
2
51
83
103
15
25
94
48
15
1
80
39
2
0
68
35
13
0
3
3
4
13
0
1
0
69
20
16
7
51
84
28
19
22
104
50
14
16
51
61
6
0
18
30
2
0
1
3
2
4
0
0
0
50
8
7
3
80
36
29
17
19
114
57
10
5
120
55
2
6
81
21
0
4
5
3
0
0
0
0
0
60
0
8
0
79
36
33
6
17
126
51
4
0
136
46
0
4
111
29
0
20
103
10
13
1
0
1
0
62
1
15
0
78
58
30
8
10
121
45
2
0
123
37
0
0
125
29
0
114
125
38
19
26
84
1
29
77
8
19
20
53
45
32
22
37
84
18
27
38
40
7
11
47
26
10
23
157
3
62
6
40
106
16
90
48
41
20
61
60
36
0
38
38
25
0
23
61
100
6
43
87
186
66
67
138
59
88
17
