0
0
2
2
6
36
25
5
23
104
126
5
29
106
114
15
13
91
32
8
30
37
9
4
0
0
0
0
0
0
2
2
51
46
35
30
35
117
64
10
0
117
55
2
27
104
85
8
31
30
43
4
0
0
0
0
0
0
0
0
93
3
4
16
69
49
29
29
0
121
65
8
6
112
65
11
6
23
14
3
0
0
0
0
0
0
0
0
73
0
1
8
71
67
26
30
6
185
55
10
3
174
43
6
2
113
24
5
40
76
20
30
0
26
0
2
68
9
1
0
70
54
32
8
6
153
55
4
0
145
43
0
0
117
27
2
152
58
12
56
28
116
0
62
38
52
11
19
36
113
48
11
0
85
56
11
0
118
33
13
6
107
8
17
220
24
11
29
19
45
2
72
13
82
46
45
14
85
28
9
0
68
32
10
0
37
20
11
5
161
10
32
197
186
115
12
