8
6
1
1
17
30
34
5
10
89
119
4
25
111
96
0
10
57
32
3
12
26
19
7
4
0
0
0
8
6
1
1
53
30
17
22
29
80
39
18
2
145
41
6
17
63
48
4
15
12
37
2
4
0
0
0
0
0
0
0
62
0
4
14
48
76
30
20
2
167
40
5
24
103
34
5
13
21
11
5
0
0
0
0
0
0
0
0
73
0
15
4
54
73
39
14
0
157
30
1
6
142
34
4
9
84
26
5
13
75
17
33
0
0
0
0
76
19
7
2
45
107
24
8
1
157
29
1
1
144
32
3
0
126
32
2
131
79
26
38
56
38
13
25
24
47
2
19
20
95
10
21
15
99
17
29
19
100
25
32
12
32
20
4
166
0
56
0
154
79
8
53
19
54
0
75
39
60
0
51
14
53
24
39
13
54
20
35
22
138
36
40
119
57
115
5
