0
8
0
0
5
16
17
0
52
47
114
3
62
101
86
1
21
99
21
5
30
28
6
4
0
0
0
0
21
22
9
4
48
88
41
7
15
122
49
4
2
175
40
1
73
141
35
9
80
27
16
7
0
0
0
0
44
14
6
4
89
61
24
14
16
134
37
3
0
152
30
0
26
110
23
9
29
16
14
5
0
0
0
0
56
0
0
0
113
48
18
7
17
145
33
3
0
143
31
0
8
105
19
0
2
58
20
0
28
87
29
24
56
0
0
0
136
34
12
4
20
95
28
3
0
122
50
0
7
124
62
3
10
124
38
4
165
97
34
34
38
18
6
16
77
49
24
26
31
104
47
10
27
85
39
21
37
33
24
20
81
16
10
31
224
0
32
4
157
78
24
55
57
39
7
51
67
26
4
45
44
17
0
29
39
16
5
22
72
48
16
86
203
74
107
52
