3
30
7
0
30
145
11
6
33
280
11
32
25
193
37
39
25
139
42
12
66
64
27
19
29
4
5
8
27
92
5
18
11
146
14
21
1
184
21
0
1
172
21
0
33
117
25
3
78
32
23
3
18
0
4
0
82
27
3
16
47
89
27
17
0
160
24
0
0
182
20
0
5
154
25
0
13
33
14
0
6
0
0
0
98
17
14
3
40
86
20
8
0
165
23
0
0
174
37
1
6
159
29
2
9
99
16
4
24
76
5
19
59
58
5
10
6
137
12
5
0
176
14
0
0
142
29
1
2
115
26
11
7
113
21
9
130
65
9
48
42
61
28
3
42
61
6
17
12
92
12
24
4
64
9
31
33
56
1
42
21
24
2
45
185
4
19
22
41
148
47
0
35
27
12
10
11
82
4
19
6
76
5
31
18
34
3
31
37
103
8
42
206
134
53
23
