3
15
13
5
10
58
50
6
38
146
113
7
41
166
60
3
24
80
17
5
16
12
6
0
0
0
0
0
35
20
14
13
68
57
22
17
31
144
31
12
10
182
41
3
85
78
38
5
27
10
9
0
0
0
0
0
50
6
0
4
88
28
4
18
28
137
26
17
3
176
35
0
21
127
34
0
14
38
20
0
0
0
0
0
56
0
0
0
93
7
13
7
28
95
20
11
0
152
24
0
2
162
34
0
4
96
26
0
8
66
6
22
36
4
0
0
77
65
9
9
21
139
24
6
0
134
32
0
1
145
13
3
1
143
15
3
120
100
8
48
47
60
0
7
21
54
0
7
22
98
5
19
23
77
9
23
15
66
6
25
7
71
8
30
204
10
22
20
212
121
17
24
62
10
4
22
94
51
10
87
74
63
11
102
39
47
2
54
12
42
6
12
98
91
82
11
