24
108
58
2
2
161
67
2
3
240
100
3
14
266
84
14
24
155
36
17
20
60
1
19
8
9
0
3
121
147
70
30
10
200
77
5
1
194
70
1
0
208
23
7
2
183
19
26
59
122
16
47
58
15
4
19
128
71
23
78
20
161
33
14
0
177
51
0
0
235
20
1
4
240
13
7
98
114
14
20
121
2
4
9
125
22
8
29
24
116
17
17
0
211
31
4
0
255
22
1
10
202
19
1
61
78
3
6
66
29
1
6
81
33
4
20
29
162
4
13
0
219
8
1
0
220
24
4
2
216
12
8
2
170
14
6
26
90
8
84
12
46
0
10
6
100
0
16
4
148
6
16
6
197
7
18
0
227
16
35
0
174
19
25
163
49
4
74
8
58
0
10
0
132
0
32
10
198
0
44
12
271
0
49
0
275
5
38
0
238
5
27
270
250
46
16
