2
0
0
0
27
13
24
10
59
93
94
20
48
157
59
4
1
94
12
3
12
35
14
7
4
0
1
1
3
0
0
1
53
27
23
35
46
108
31
45
1
197
21
5
4
124
56
14
15
31
33
9
4
0
1
1
4
0
1
1
56
11
26
15
39
92
39
18
0
165
18
1
1
124
28
11
1
54
14
7
0
10
4
0
18
0
2
0
78
14
36
4
24
105
47
6
0
161
17
0
0
167
14
5
0
139
22
5
2
78
6
10
31
0
3
2
72
45
44
11
6
141
46
3
0
159
29
0
0
167
19
2
12
147
12
5
71
138
26
27
34
43
2
25
32
41
19
28
20
72
24
32
15
68
9
20
28
76
3
13
50
66
11
7
150
30
38
2
89
60
0
143
49
17
3
59
38
47
3
48
24
34
0
22
13
87
0
22
26
164
12
16
68
56
30
0
