14
9
12
1
16
69
52
1
1
140
103
0
28
156
118
0
25
125
31
7
33
70
0
7
24
4
0
0
31
8
12
21
66
48
32
52
25
106
66
13
0
135
55
0
8
137
27
10
95
59
18
16
48
4
6
0
11
0
0
13
73
17
3
43
26
95
22
17
0
121
45
0
5
142
39
4
30
70
37
17
21
3
7
5
3
0
0
1
72
6
3
17
46
89
31
12
1
131
50
0
0
145
43
0
9
130
24
9
14
79
6
5
0
0
0
0
70
3
1
8
67
79
31
13
2
147
52
1
0
148
44
0
0
148
24
0
105
161
12
20
7
24
10
19
53
4
20
19
60
69
38
29
27
112
36
25
28
79
19
30
13
55
9
19
212
33
17
10
36
71
13
124
29
23
13
43
46
38
13
43
34
16
13
41
37
25
6
48
33
138
0
65
189
170
83
24
