4
4
8
10
11
52
48
19
6
125
95
6
5
142
100
13
6
93
31
16
11
28
4
11
5
0
1
0
10
3
7
12
58
17
16
39
20
76
54
16
2
133
70
1
30
98
66
10
31
30
39
8
5
0
1
0
6
0
0
2
68
4
2
16
43
75
35
15
11
140
48
9
14
96
70
4
17
72
28
1
6
23
5
0
0
0
0
0
70
0
0
10
68
42
20
18
14
113
56
5
0
139
39
4
6
120
28
8
9
62
11
4
5
0
0
1
57
10
7
8
54
51
44
19
11
110
64
7
0
131
46
1
0
146
21
5
71
118
5
40
6
14
6
8
29
48
12
17
19
93
32
24
11
110
36
25
7
60
20
17
9
65
8
38
153
36
39
20
44
105
15
116
24
100
11
51
4
90
5
43
17
59
0
38
13
78
10
25
11
166
78
39
75
81
130
12
