0
3
1
0
11
15
22
2
43
65
128
4
57
97
110
0
17
95
40
6
20
33
19
2
0
0
0
0
11
3
5
7
52
28
34
16
30
93
66
7
0
111
84
1
24
71
97
8
20
31
39
4
0
0
0
0
25
0
2
7
96
5
11
14
37
73
43
3
0
118
57
5
6
100
67
7
6
37
25
2
0
0
0
0
30
0
2
0
88
7
22
3
24
79
56
7
1
143
53
1
5
127
51
1
6
90
38
0
41
131
23
7
33
0
7
2
78
33
44
9
5
110
70
5
6
129
59
0
4
123
47
0
4
106
40
0
133
86
62
9
51
39
16
14
38
68
28
36
4
96
36
18
23
77
28
2
36
51
12
17
46
34
15
27
108
4
95
3
150
66
35
67
48
45
5
70
42
51
0
55
62
28
0
20
84
33
7
36
118
53
42
49
86
19
60
5
