9
8
0
3
9
34
28
3
0
95
84
3
43
169
87
1
37
106
24
1
21
51
14
10
15
4
3
6
15
8
0
9
64
27
13
26
23
105
29
9
0
172
27
1
12
132
42
2
59
34
44
7
23
4
9
4
5
0
0
3
99
19
5
17
47
101
27
13
0
138
38
0
3
139
38
0
21
60
32
7
10
6
3
7
0
0
0
0
98
16
8
6
56
122
27
11
0
160
40
0
0
162
24
0
6
137
18
11
9
54
2
15
12
0
2
0
88
21
18
3
47
104
26
3
0
130
42
0
0
144
36
0
0
158
18
0
80
153
7
30
14
55
2
17
65
33
18
28
17
123
42
16
14
114
35
19
19
87
23
33
27
87
9
43
222
57
6
29
14
141
0
119
51
111
13
43
24
104
14
60
41
56
3
56
34
81
0
45
30
191
24
51
190
215
81
32
