17
3
3
3
23
45
37
5
10
117
110
3
25
103
70
0
0
71
3
2
6
38
6
6
3
3
2
0
32
3
2
3
72
15
8
7
1
60
17
2
0
105
11
0
4
95
17
2
15
44
35
4
3
3
2
0
35
0
3
0
98
18
13
5
16
101
25
4
0
147
21
0
13
147
18
0
17
33
16
0
0
0
0
0
51
0
3
0
86
21
14
7
20
118
32
8
0
152
32
0
10
152
20
0
11
93
10
0
11
67
0
18
42
2
0
4
67
43
12
12
8
117
32
5
0
124
34
0
5
134
19
4
9
143
4
8
106
103
4
43
34
44
9
45
23
65
4
26
18
78
15
17
35
63
15
23
35
57
13
27
48
65
5
32
190
17
23
18
43
70
5
70
23
40
0
25
26
41
0
21
21
6
5
18
25
48
5
54
12
130
10
90
154
79
115
24
