8
7
9
2
33
77
82
4
24
187
77
12
23
162
44
11
25
95
30
14
28
34
6
24
4
0
1
1
22
7
9
4
68
79
28
17
7
147
32
12
12
143
53
2
35
100
58
9
57
23
33
11
4
0
1
1
30
0
0
2
89
28
12
13
12
137
37
12
0
161
45
2
21
120
47
6
22
20
20
4
0
0
0
0
30
0
2
0
94
21
20
9
17
116
40
13
0
150
40
0
17
124
41
4
12
88
32
4
24
128
13
21
25
0
2
3
89
22
14
13
16
116
26
8
2
145
40
3
2
137
41
6
2
105
32
3
144
88
26
16
36
34
15
63
52
28
3
41
53
77
16
38
65
87
17
35
64
45
10
39
41
16
11
34
167
0
58
1
69
43
6
100
50
28
0
20
90
58
0
28
57
39
4
30
59
51
8
40
76
131
51
52
102
43
138
3
