11
6
8
5
22
29
84
7
25
105
99
17
20
104
54
6
5
139
38
2
18
98
14
24
21
12
3
20
44
6
4
6
72
38
23
13
15
115
51
5
0
126
44
0
16
89
39
2
42
26
43
9
36
4
19
7
56
0
0
0
93
21
6
6
16
60
24
4
0
69
19
0
3
68
19
0
55
29
24
0
17
4
9
0
47
0
0
3
68
22
7
11
12
70
20
8
12
102
40
4
0
143
37
0
10
137
28
7
35
85
8
34
20
0
0
4
58
50
9
25
11
122
43
12
10
129
42
11
3
117
27
7
9
77
28
10
101
81
50
38
31
34
4
33
13
56
6
31
14
89
14
49
23
79
8
34
7
78
11
44
27
16
44
5
82
10
82
0
125
57
4
90
5
56
6
25
19
34
0
29
21
105
0
98
4
188
27
51
19
82
117
4
33
0
81
0
