2
1
3
0
10
20
25
1
19
101
103
5
18
185
106
3
17
108
18
7
8
6
2
4
0
0
0
0
4
1
3
4
36
25
33
28
27
117
54
12
12
163
44
5
44
88
36
20
14
13
5
8
0
0
0
0
0
0
0
4
82
12
5
17
46
84
28
12
20
114
57
9
23
91
35
17
9
19
2
4
0
0
0
0
0
0
0
0
86
2
2
2
61
63
32
10
10
133
65
2
10
173
37
0
17
121
14
4
8
88
1
25
0
0
0
0
69
11
10
4
43
83
37
11
12
142
56
2
0
134
40
0
4
117
18
5
86
95
27
62
7
58
1
4
23
61
17
15
12
137
39
10
1
152
43
4
0
110
13
25
13
37
15
17
127
7
81
11
19
168
8
17
12
56
9
11
2
113
24
7
0
96
22
2
4
111
26
27
34
114
124
20
54
22
124
0
