15
4
17
0
25
59
100
2
29
153
93
3
10
142
4
0
3
99
0
24
3
20
2
27
0
0
2
2
72
4
14
2
86
72
25
5
0
143
8
1
0
156
4
0
16
114
32
24
32
22
46
36
0
0
2
2
86
1
3
2
79
68
19
6
0
167
21
0
0
187
9
4
7
113
36
4
9
7
36
0
0
0
0
0
90
0
6
0
122
36
24
0
8
133
25
0
0
163
8
15
0
108
3
31
0
38
2
4
2
42
0
4
76
4
16
12
104
72
17
7
4
153
23
0
0
165
20
3
0
158
24
8
0
153
12
5
110
162
8
20
84
30
37
13
55
77
31
19
7
106
16
11
31
82
21
12
47
59
13
17
52
33
6
27
204
24
34
8
122
125
68
45
44
16
25
27
55
35
10
46
71
30
18
23
84
24
15
27
92
62
10
76
210
104
89
49
