0
4
4
0
9
17
18
0
18
79
76
1
27
177
107
11
39
118
48
31
14
4
0
6
0
0
0
0
23
7
17
11
31
64
56
23
13
140
44
11
13
163
55
3
81
71
34
14
42
10
0
6
0
0
0
0
27
0
6
23
50
51
18
61
10
163
33
14
5
172
41
0
30
128
30
0
24
45
7
0
2
4
0
0
4
0
0
6
59
14
6
39
29
100
21
22
0
147
37
2
0
148
38
0
6
111
22
1
6
61
6
13
0
0
0
0
61
8
0
7
44
64
27
25
0
154
46
6
0
160
33
5
26
139
24
9
91
88
21
26
9
50
0
31
25
34
0
11
24
110
17
17
8
110
17
19
4
98
14
32
60
84
11
21
173
9
25
1
94
80
0
88
38
37
0
21
15
111
0
62
22
114
0
36
9
83
31
13
24
132
103
5
85
39
108
0
