3
3
8
0
4
32
49
1
1
130
122
3
5
164
106
17
14
92
20
14
8
21
10
9
0
0
0
0
23
16
10
7
53
51
40
24
12
137
34
9
8
168
27
3
60
72
41
9
33
14
22
5
0
0
0
0
17
6
0
9
78
21
7
30
27
115
37
11
10
120
33
5
20
108
30
8
32
63
17
14
6
1
3
2
8
0
2
2
79
8
12
11
32
110
43
7
3
168
44
1
0
174
31
5
12
169
19
14
32
103
3
32
14
0
8
0
84
11
35
4
35
109
53
13
7
146
25
6
11
142
23
8
0
125
6
15
140
73
6
45
36
53
7
62
51
38
27
44
45
99
29
29
12
119
8
33
30
77
17
28
19
106
25
28
142
41
69
20
28
74
0
92
10
43
2
31
13
45
5
13
15
73
9
19
14
204
23
41
32
169
77
22
59
43
133
5
