0
12
0
0
3
31
6
0
12
123
65
0
14
200
122
10
27
111
39
37
13
8
0
15
0
0
0
0
25
24
0
7
34
95
26
19
5
142
61
8
2
176
45
7
74
97
11
32
85
8
5
22
0
0
0
0
33
0
3
8
76
31
20
33
18
133
63
12
4
165
73
6
55
132
55
6
57
36
31
2
5
7
10
2
42
0
5
1
103
19
26
10
48
115
60
13
3
150
79
0
16
141
61
0
22
116
40
8
9
55
20
16
55
0
5
0
98
28
26
8
28
100
72
6
1
132
81
0
3
133
76
0
2
139
37
0
96
104
27
49
52
75
29
0
52
87
45
10
7
127
66
10
10
111
58
17
20
92
39
17
29
70
17
10
155
16
70
11
33
239
36
102
25
77
19
13
16
75
16
55
13
50
5
46
28
41
1
24
57
52
50
7
112
35
137
2
