3
0
6
3
4
24
33
3
21
59
90
4
44
96
69
23
13
52
1
22
12
1
0
3
0
0
0
0
6
0
6
6
44
13
24
37
48
74
34
16
6
152
20
12
64
75
17
16
40
5
0
3
0
0
0
0
2
0
0
2
83
0
0
23
132
52
6
16
13
181
18
0
29
170
17
2
31
48
10
7
0
0
0
0
0
0
0
0
95
0
2
3
134
29
4
5
12
135
12
1
4
167
23
2
9
132
16
3
11
109
6
18
8
10
0
12
56
12
6
10
55
76
11
16
0
122
23
1
1
125
32
6
1
130
13
6
132
123
20
33
128
16
3
53
17
38
6
27
13
66
5
26
19
86
12
25
16
51
18
45
16
51
12
51
234
15
14
17
209
39
28
30
19
68
4
49
27
105
0
32
30
45
5
36
14
31
12
37
21
73
5
49
213
145
85
39
