7
2
7
0
51
46
74
23
66
136
91
13
26
111
45
0
9
90
27
10
23
20
13
16
0
0
0
0
29
10
13
4
60
54
58
26
23
130
62
23
4
139
56
1
22
89
60
9
38
25
24
15
0
2
1
1
15
8
3
4
66
37
10
33
39
105
30
20
2
119
61
12
8
114
70
2
16
95
41
6
12
20
12
4
0
0
0
0
79
3
8
8
50
80
35
11
0
148
62
2
0
156
44
2
6
136
28
2
17
100
9
8
6
0
2
0
69
5
21
1
23
91
40
4
0
141
45
0
0
136
31
3
0
147
10
5
123
143
6
26
56
16
31
3
74
36
44
10
54
82
35
9
37
60
24
27
24
43
19
36
7
56
17
56
194
25
44
25
155
82
104
3
54
22
16
16
84
35
17
38
62
41
11
32
49
127
4
68
12
203
14
89
185
130
82
35
