0
0
0
0
21
4
29
2
84
56
99
21
28
107
41
14
3
110
4
7
8
41
1
18
4
0
1
3
14
16
5
13
39
40
32
25
16
113
42
7
2
153
29
0
22
157
25
12
60
52
35
25
8
0
3
3
49
10
4
13
78
57
15
26
11
126
31
4
0
162
36
0
20
157
50
13
33
47
36
12
4
0
2
0
46
0
0
6
84
65
21
18
8
177
34
5
0
145
51
0
8
129
37
2
12
66
6
2
4
40
4
0
23
0
0
7
87
53
17
37
8
138
28
12
0
121
49
0
0
137
31
0
0
160
0
0
95
195
23
5
26
2
23
5
61
40
28
33
41
114
30
47
26
94
37
39
34
54
18
48
27
50
0
43
205
38
29
8
78
93
179
2
40
7
43
4
18
39
4
37
31
63
11
79
40
74
4
72
33
74
0
97
196
144
66
64
