1
0
0
1
7
19
14
2
20
55
59
2
28
134
94
14
27
139
45
17
37
66
13
16
21
6
3
6
1
0
0
1
76
27
17
12
54
83
26
7
0
111
21
2
32
109
27
8
99
34
31
10
35
0
9
2
0
0
0
0
101
4
3
4
56
63
24
15
0
129
34
1
15
115
35
11
39
44
30
7
10
0
4
0
0
0
0
0
92
5
4
3
50
76
30
6
0
125
41
0
6
124
29
5
22
42
3
5
0
0
0
0
9
0
1
0
93
8
10
5
45
94
33
6
0
153
45
0
6
167
25
0
8
145
11
0
32
109
7
36
10
10
1
3
55
32
10
25
23
91
39
17
0
103
40
3
0
117
13
10
0
102
9
7
157
69
18
34
150
67
0
57
37
50
5
58
67
64
20
83
49
63
7
63
12
84
0
48
0
131
6
21
241
166
60
15
