0
34
14
0
0
57
34
3
7
109
66
10
5
140
122
13
5
69
62
20
0
9
0
5
0
0
0
0
62
105
40
25
38
123
48
7
14
170
31
23
6
118
15
11
24
93
23
26
37
27
13
23
3
0
1
0
125
31
5
39
82
67
3
30
9
190
8
25
1
192
10
9
34
91
58
7
42
9
40
5
3
0
1
0
74
6
0
28
64
63
3
50
7
181
3
17
0
236
1
5
3
187
24
2
7
54
19
0
0
0
0
0
50
0
0
10
82
52
8
24
13
194
6
13
0
232
0
0
2
224
4
0
4
146
6
6
8
83
0
17
77
101
5
33
69
70
11
14
13
124
10
17
5
145
3
13
2
148
0
6
7
132
1
16
111
126
6
47
84
114
3
81
42
56
3
47
29
44
9
52
24
74
3
53
15
39
0
36
43
47
21
23
172
97
147
14
