4
0
2
0
44
9
43
0
65
106
80
21
20
153
60
23
7
68
28
31
8
3
7
12
0
0
0
0
8
0
2
2
66
4
20
12
36
73
48
9
4
102
77
3
19
35
78
12
11
2
13
10
0
0
0
0
4
0
0
2
91
5
8
10
46
89
36
7
2
125
61
0
18
49
45
0
6
31
13
0
10
56
4
8
0
0
0
0
94
3
8
3
57
79
41
5
16
146
53
3
20
119
61
0
12
105
41
0
114
113
11
50
0
0
0
0
88
3
4
3
56
81
41
10
10
131
61
4
20
99
33
6
19
57
13
11
232
14
7
15
10
23
0
59
60
23
8
7
49
79
26
42
25
71
16
48
39
37
2
42
54
39
10
41
183
18
54
9
81
64
6
167
28
38
11
37
19
38
6
33
26
35
12
39
17
14
0
23
20
57
13
18
58
96
77
15
