0
1
5
0
0
13
27
0
5
69
104
0
31
126
113
10
16
86
22
12
7
21
8
10
0
0
0
0
14
27
15
8
20
44
63
9
9
102
58
1
1
168
52
1
29
111
61
11
16
18
31
7
0
0
0
0
25
20
3
14
78
39
24
29
18
95
61
4
0
134
52
0
9
111
60
0
17
48
28
7
4
1
3
2
15
0
0
3
82
10
12
30
42
90
41
21
0
125
57
0
0
142
46
0
9
125
31
3
15
96
5
18
2
0
0
0
65
10
4
23
69
93
29
23
0
138
54
0
2
123
48
1
2
138
15
3
92
119
33
38
65
18
23
4
41
43
0
24
31
86
16
19
14
76
27
23
23
51
13
37
28
50
10
52
102
12
96
20
194
37
55
44
38
47
0
53
44
111
15
46
29
56
14
35
58
64
9
69
67
80
57
72
69
22
85
12
