0
0
0
0
40
25
18
3
26
131
58
7
0
198
103
1
23
159
56
2
21
33
8
10
6
0
2
2
2
2
2
2
67
13
21
13
44
79
33
16
0
151
42
1
14
138
61
3
46
38
55
9
6
0
2
2
2
2
2
2
74
9
11
14
50
78
35
11
0
156
54
0
9
119
78
0
9
27
30
0
0
0
0
0
0
0
0
0
86
3
5
4
45
100
45
10
0
183
65
0
6
140
52
0
9
104
25
2
17
73
13
39
0
7
1
0
56
33
3
10
34
137
27
12
0
152
46
0
0
132
35
1
7
106
28
3
132
57
11
58
51
58
10
41
21
65
3
49
14
107
2
41
7
77
7
33
6
57
4
41
2
34
0
26
183
0
19
24
36
36
13
43
7
29
0
40
11
47
0
36
10
52
0
34
3
105
0
38
0
183
59
26
87
100
157
4
