0
0
0
0
0
10
6
0
22
94
42
0
30
186
117
5
22
149
85
14
23
74
40
17
13
11
11
9
18
9
6
9
19
59
36
12
6
145
69
4
8
201
70
1
24
113
57
6
66
14
40
4
13
0
9
0
32
6
3
11
58
36
25
25
4
153
65
8
14
184
60
2
64
84
39
7
42
6
23
1
4
0
0
0
30
0
0
2
96
32
19
9
12
147
53
6
8
187
48
1
44
133
42
5
18
74
22
2
8
92
4
2
32
0
7
1
89
36
35
10
17
153
63
9
0
187
57
0
1
172
41
0
6
144
30
0
86
168
46
10
19
60
7
18
32
79
33
14
8
138
51
9
1
133
46
8
23
112
19
12
60
65
17
6
164
14
54
2
0
122
15
53
6
46
7
7
4
95
32
19
1
99
32
8
25
100
10
19
75
179
23
31
234
116
34
4
