0
0
0
0
0
3
5
0
1
25
26
0
4
80
82
2
44
166
93
21
54
70
36
16
8
2
0
0
0
2
2
0
12
34
23
7
24
78
57
13
11
127
96
4
21
119
96
4
89
52
29
6
18
2
2
0
0
2
2
0
31
34
15
10
63
63
25
19
16
125
68
7
17
130
75
0
51
58
37
0
13
3
4
0
0
0
0
0
64
0
6
0
72
52
21
9
16
137
74
7
2
144
68
0
12
97
49
0
25
78
21
4
0
0
0
0
61
6
17
2
65
81
43
9
9
153
64
4
0
149
59
0
0
130
46
0
161
114
35
10
81
46
4
5
57
29
52
6
53
89
42
24
20
99
33
20
12
97
22
19
11
46
8
13
233
5
8
2
176
88
3
29
75
55
13
5
47
27
7
23
32
22
0
24
21
46
0
17
27
54
0
15
223
129
46
38
