0
11
12
3
6
63
54
9
12
157
103
6
30
124
83
13
13
49
18
14
4
12
4
6
0
0
0
0
0
15
13
8
56
66
43
23
49
134
43
10
19
131
57
9
25
58
55
12
6
17
11
8
0
0
0
0
0
0
0
0
92
11
7
6
80
103
41
10
11
159
56
0
26
104
41
3
16
64
11
3
6
4
0
0
0
0
0
0
77
9
9
3
63
80
46
7
0
127
69
0
0
147
50
5
14
143
28
5
54
160
6
8
0
0
0
0
75
7
14
6
39
88
56
9
0
114
58
0
2
113
48
1
2
119
29
6
164
123
33
14
18
22
0
12
33
22
9
10
22
62
30
10
10
102
17
27
12
86
14
22
8
108
10
42
114
64
74
26
91
125
6
148
19
81
9
37
10
96
11
49
13
63
8
36
8
82
0
20
14
92
13
59
59
44
88
39
