6
15
21
0
8
90
92
0
27
141
134
6
23
121
73
9
15
93
18
10
16
10
8
6
0
0
0
0
21
59
22
20
32
102
53
25
5
125
51
3
6
107
63
2
41
53
80
12
18
7
16
5
0
0
0
0
29
22
2
19
69
55
10
42
11
106
36
5
6
117
70
1
12
116
56
6
3
113
18
6
18
90
8
20
27
0
0
5
122
15
9
10
47
66
55
4
8
106
77
1
4
148
50
0
0
176
17
13
18
111
4
29
30
0
0
2
150
0
2
8
78
70
38
12
6
114
83
1
2
121
43
0
0
116
13
19
50
98
26
68
20
95
0
39
100
67
0
7
58
116
11
25
20
99
26
19
10
50
9
11
15
41
7
43
96
56
100
46
4
145
0
61
20
101
0
17
14
62
3
21
14
57
8
23
10
144
56
8
14
100
122
20
19
39
120
16
