14
8
0
6
19
60
26
9
3
153
107
3
8
219
87
0
16
112
31
9
31
34
4
11
11
0
0
1
31
6
0
7
77
31
13
25
13
151
31
13
0
231
25
0
32
155
18
15
76
30
14
16
17
0
1
2
31
0
0
1
94
16
4
10
21
137
25
13
0
214
22
0
5
195
20
14
21
140
26
11
6
38
11
1
29
0
3
0
88
24
13
5
15
146
23
6
0
235
21
0
0
222
19
15
0
160
24
20
7
107
8
16
17
18
9
0
32
67
23
2
4
134
25
7
1
138
12
9
5
140
0
21
3
142
0
33
121
125
0
40
83
47
38
0
38
42
8
20
18
51
1
58
18
45
0
81
24
54
0
60
6
70
0
76
204
30
9
35
168
42
85
21
44
9
7
28
57
48
8
85
35
48
10
59
29
54
0
55
26
151
0
107
200
218
47
63
