0
0
0
0
18
30
35
5
24
118
102
4
16
112
85
15
4
91
38
7
4
93
48
5
32
60
30
22
0
0
0
0
49
15
15
23
33
103
32
24
3
154
41
4
6
137
62
1
30
67
72
5
24
10
41
1
0
0
0
0
49
0
0
7
86
55
12
19
13
153
38
6
5
133
46
0
20
57
25
0
6
2
6
0
0
0
0
0
54
0
12
0
70
42
39
3
10
140
48
2
4
147
27
0
6
76
18
0
10
77
6
19
0
0
0
0
41
30
24
1
37
113
40
8
0
158
35
1
0
153
31
0
0
133
27
0
115
102
19
34
6
86
13
19
12
79
1
22
10
115
5
22
6
109
15
12
14
70
8
28
12
36
3
17
202
5
15
2
8
131
19
32
4
57
0
23
6
48
2
16
12
41
5
12
28
101
10
57
24
209
10
57
204
158
42
10
