6
7
7
0
6
31
38
1
20
121
81
16
42
158
55
17
19
70
4
17
7
8
0
11
0
0
0
0
50
7
8
1
49
37
33
9
6
107
55
10
3
163
35
1
46
100
30
20
39
15
14
14
0
0
0
0
59
0
0
5
81
34
14
19
10
132
36
10
5
158
27
2
28
73
45
2
15
7
12
0
0
0
0
0
52
3
0
3
72
9
3
6
12
87
16
13
15
132
22
13
17
104
10
11
0
96
0
4
6
49
0
21
44
48
11
15
34
43
6
25
8
87
16
13
15
86
25
14
3
115
15
5
12
149
3
10
112
61
2
37
100
34
12
70
29
48
3
56
30
72
9
59
38
85
20
39
15
89
39
19
18
103
9
26
127
45
21
27
49
23
0
56
26
20
0
30
47
58
4
33
38
85
15
34
23
172
29
58
34
138
77
27
76
118
64
64
