0
0
0
0
14
2
8
4
60
24
82
16
50
85
72
19
17
101
7
7
27
24
0
9
0
0
0
0
0
0
0
0
23
2
7
10
51
40
24
37
11
115
41
11
36
105
27
10
71
44
4
19
0
21
1
8
0
0
0
0
3
0
0
5
71
19
6
20
25
65
27
9
8
71
37
6
11
96
34
25
6
97
13
26
0
0
0
0
0
0
0
0
83
15
9
5
37
96
46
7
0
127
56
3
0
132
49
3
110
129
14
35
37
31
6
6
25
10
11
6
53
43
9
15
28
110
28
32
12
86
28
26
4
34
18
2
186
20
34
8
158
63
19
22
83
19
31
9
46
52
4
44
25
66
1
60
32
67
0
51
28
8
17
3
113
0
89
0
67
29
7
13
21
8
3
2
8
16
0
18
12
80
0
60
12
135
0
85
36
135
48
35
72
28
90
0
