0
0
0
0
9
5
15
1
55
43
98
6
61
83
81
3
4
107
42
3
36
61
14
9
14
0
0
0
0
0
0
0
53
4
16
7
67
43
42
10
11
114
56
3
24
116
51
3
92
55
39
6
17
0
1
0
0
0
0
0
75
0
5
2
81
50
40
9
7
121
55
1
14
136
42
0
29
80
21
0
6
16
2
0
0
0
0
0
75
1
9
1
84
68
36
8
0
124
60
2
0
132
38
0
6
141
11
0
9
68
9
4
0
0
0
0
84
1
7
4
94
75
32
7
0
118
45
1
0
115
41
0
0
133
43
0
84
192
13
23
14
6
2
0
68
11
23
4
50
76
37
13
1
124
22
5
4
103
29
8
8
78
22
6
200
51
22
9
119
36
129
0
12
13
10
1
43
57
17
57
34
25
1
42
12
24
0
28
27
55
0
16
198
157
92
23
