0
0
0
0
15
0
19
0
77
84
83
2
60
122
60
8
8
22
3
11
0
0
0
0
0
0
0
0
0
0
0
0
60
0
18
0
49
74
44
9
28
130
54
16
24
27
28
13
0
0
0
0
0
0
0
0
12
0
0
0
74
4
17
3
34
80
46
8
12
138
58
2
8
97
29
0
0
23
9
0
0
16
6
8
28
0
0
0
87
5
12
4
15
62
54
7
0
122
48
0
0
137
37
0
0
91
50
1
56
69
32
43
30
0
0
0
84
7
5
4
21
75
37
9
6
119
40
1
6
109
40
3
8
85
38
11
189
23
15
21
32
146
10
22
42
49
0
19
27
63
10
24
10
77
13
6
8
70
7
9
37
30
2
37
209
9
25
7
12
94
6
14
10
30
0
8
2
22
0
6
2
27
1
4
9
30
6
5
29
98
50
5
90
67
132
1
