7
1
9
3
21
26
71
4
68
63
112
1
34
69
39
0
4
87
32
1
19
89
45
9
22
36
20
10
13
1
9
9
60
21
46
45
26
84
66
16
0
115
45
0
6
102
63
1
52
38
85
5
27
1
32
2
5
0
0
3
79
11
10
24
55
68
30
23
3
103
42
2
4
111
77
2
11
48
58
7
9
0
10
3
8
0
0
0
78
3
11
4
39
63
47
11
9
87
56
8
5
97
47
5
16
79
23
16
34
76
24
22
20
0
4
0
75
12
21
6
16
102
53
9
4
148
70
4
9
100
44
5
2
88
20
2
134
79
27
28
34
30
5
29
49
53
29
25
24
101
43
26
11
85
33
21
31
43
15
43
9
16
9
4
171
2
51
4
59
65
0
138
43
95
6
80
28
94
5
71
14
28
0
36
21
9
0
26
23
67
23
71
131
51
104
20
