1
0
1
0
15
30
29
2
14
116
100
2
8
179
121
0
29
134
82
5
46
78
35
9
35
22
15
0
1
0
1
0
35
31
28
20
46
90
50
18
8
116
61
5
14
81
69
6
69
21
66
6
25
0
16
1
0
0
0
0
46
0
2
8
88
54
26
26
10
146
75
9
11
88
94
13
27
24
52
9
6
29
8
3
0
0
0
0
61
1
14
0
66
74
48
8
2
141
70
3
2
104
71
1
3
93
59
1
69
131
35
19
3
0
1
0
64
24
32
4
54
96
59
7
2
133
53
2
11
122
50
5
9
104
43
12
153
48
62
15
35
9
32
0
63
56
39
20
20
91
34
61
28
68
25
45
51
46
8
33
24
38
9
53
130
26
31
21
101
45
184
0
31
8
25
16
17
49
11
69
18
45
20
59
25
111
26
26
10
164
54
16
68
85
60
15
