7
4
17
0
20
58
74
4
40
130
112
4
32
112
58
0
15
86
30
11
32
22
9
13
0
0
0
0
23
12
23
14
49
61
30
32
17
144
34
9
2
127
43
0
51
74
53
14
51
10
25
12
0
0
0
0
7
3
0
10
73
34
5
46
28
131
20
15
17
138
39
2
47
70
51
12
18
27
26
11
0
0
0
0
0
0
0
0
63
7
15
17
41
92
39
24
16
155
31
2
29
116
31
16
8
54
26
10
12
41
20
13
6
2
0
2
68
22
22
12
42
96
40
10
0
160
19
1
1
143
27
3
1
116
47
4
113
71
45
33
20
31
0
33
65
33
17
39
33
113
20
40
8
147
8
37
4
108
15
25
10
72
24
54
200
14
12
46
18
141
13
118
18
91
18
51
21
70
2
107
17
84
0
115
23
53
1
45
12
8
8
38
273
90
31
46
