8
8
0
0
8
42
14
0
11
84
72
3
23
153
119
3
20
127
45
0
6
71
0
1
8
23
0
1
40
8
0
0
89
59
19
1
16
99
33
12
2
145
27
4
0
168
1
1
49
127
10
8
78
27
10
3
52
0
0
4
107
37
5
15
19
117
12
12
0
134
23
1
0
138
9
5
54
99
21
6
58
13
14
1
52
0
0
4
111
46
14
19
15
160
28
11
0
186
24
0
4
168
5
1
10
76
1
1
4
13
1
0
34
0
0
4
87
43
12
40
23
159
32
20
0
227
21
0
4
222
10
0
4
146
3
3
17
120
0
31
68
30
0
4
22
52
0
24
16
136
8
18
9
126
12
11
10
137
12
21
6
136
4
14
153
114
6
37
230
87
35
0
25
34
0
37
36
67
10
63
40
66
4
48
21
54
3
48
25
78
5
80
237
144
66
61
