20
109
34
13
12
128
57
3
6
215
76
9
8
160
32
6
0
118
3
9
10
81
8
19
14
18
1
9
75
84
14
51
22
76
16
20
0
135
4
3
0
151
0
7
7
140
7
8
53
80
25
26
57
15
10
14
100
14
2
20
47
75
14
16
0
138
18
2
0
150
2
6
7
141
5
13
28
79
23
14
18
26
19
19
82
1
3
14
73
94
17
24
4
171
14
7
0
161
6
17
0
166
0
18
6
137
9
8
4
32
6
0
38
4
1
25
50
95
5
44
5
194
3
12
0
201
3
6
0
205
12
9
14
190
9
15
36
62
2
18
26
102
0
30
19
81
0
34
21
163
0
30
16
178
5
29
18
166
11
21
43
88
4
27
121
35
0
52
25
120
10
67
23
45
13
43
28
64
0
30
16
69
3
40
22
129
26
35
54
212
24
50
167
171
31
65
