17
0
2
1
44
79
45
4
0
224
106
2
15
215
64
0
10
122
16
2
22
70
9
11
13
3
3
3
15
0
0
1
93
23
16
20
35
101
29
11
0
163
11
0
6
168
32
2
79
67
45
9
23
3
5
3
0
0
0
0
101
7
3
17
70
94
19
15
0
135
47
0
2
159
43
0
26
73
29
0
11
0
3
0
0
0
0
0
87
6
6
9
113
61
21
11
4
141
29
4
0
131
51
0
3
117
34
0
10
94
6
20
0
0
0
0
81
2
14
11
106
57
32
15
3
136
47
4
0
134
54
0
0
125
33
0
102
121
23
48
0
0
0
0
43
22
13
22
32
74
46
30
12
95
39
30
37
48
18
23
12
15
9
4
156
11
69
10
55
161
0
114
52
73
1
50
24
61
6
41
19
15
12
56
25
118
22
23
11
185
38
18
78
89
105
6
