1
2
3
0
7
20
48
3
4
87
150
3
18
164
114
0
27
115
21
7
23
34
1
10
0
0
0
0
21
2
4
3
55
33
60
12
18
107
89
6
0
155
41
0
39
156
31
10
79
48
15
14
0
0
0
0
21
0
0
5
105
29
12
18
38
105
42
5
0
124
42
0
23
117
34
6
28
39
13
4
0
0
0
0
6
0
0
2
125
19
4
8
101
106
21
2
0
129
45
0
2
152
22
0
8
91
3
2
0
20
0
4
0
0
0
0
118
21
2
7
92
120
32
8
0
174
46
0
0
166
24
0
0
145
22
7
49
129
16
54
1
20
0
7
29
43
3
17
29
99
23
21
9
99
22
20
9
103
13
25
6
42
5
15
138
39
75
24
68
57
2
121
46
33
15
50
38
23
4
25
18
30
2
30
22
142
5
39
29
195
45
33
78
80
146
2
