8
16
30
0
18
82
77
3
39
175
100
2
21
138
59
2
34
99
59
18
23
23
22
14
0
0
0
0
11
102
74
15
21
87
49
5
11
126
47
6
6
121
74
3
34
44
71
11
11
3
13
1
0
0
0
0
17
53
22
12
75
37
28
6
23
99
67
9
1
146
66
1
10
101
39
2
6
24
7
1
6
47
13
8
33
0
15
0
59
26
49
6
11
98
61
6
0
122
64
0
10
120
52
0
13
112
38
1
88
107
29
20
64
6
20
0
35
76
39
8
4
137
41
2
2
109
59
2
10
96
47
9
20
58
33
15
169
23
40
8
56
39
22
7
49
80
18
11
34
95
12
21
37
53
18
42
22
19
12
33
54
43
22
51
129
13
74
12
212
73
14
29
111
29
0
38
54
46
15
67
23
18
17
40
7
91
8
46
41
190
32
39
104
70
60
8
