24
12
0
0
20
57
15
0
4
78
63
5
14
168
109
7
26
123
53
4
7
39
4
14
0
3
1
2
68
8
0
0
64
36
17
3
21
87
47
21
7
145
28
18
31
89
38
14
48
24
24
10
0
3
1
2
68
8
0
0
85
34
23
6
27
82
31
12
3
106
7
12
24
64
34
16
25
9
23
5
0
0
0
0
30
36
0
0
47
137
6
4
12
162
7
5
1
172
11
2
4
162
12
6
2
133
3
14
16
89
0
33
12
54
18
0
14
137
8
13
9
144
1
20
7
128
8
9
8
120
8
12
12
130
3
27
104
93
28
43
52
30
94
0
23
35
29
31
12
51
4
67
22
61
11
42
23
60
6
63
28
63
15
56
87
34
54
35
63
70
69
0
7
0
9
8
0
24
1
31
18
62
11
31
23
124
61
32
41
101
88
14
58
69
48
59
