0
0
0
0
15
10
18
3
12
59
54
7
7
152
102
13
10
156
54
18
7
49
13
15
3
2
7
8
0
0
0
0
54
6
11
13
74
42
16
30
11
124
11
12
10
141
19
10
38
48
46
24
13
2
14
9
0
0
0
0
71
0
0
3
76
58
11
13
10
165
20
5
12
141
40
7
69
23
31
17
19
0
6
3
0
0
0
0
72
0
0
0
69
54
23
8
8
159
41
2
4
139
36
11
46
48
18
20
16
0
2
2
0
0
0
0
54
9
0
3
58
64
15
11
12
159
31
4
0
162
23
11
3
141
7
25
38
130
7
29
46
27
57
6
43
24
1
26
38
78
5
23
22
93
18
33
11
82
16
45
10
77
16
13
86
80
93
21
63
53
86
8
91
22
21
36
66
58
17
31
35
67
11
33
38
96
19
65
44
140
85
15
61
31
126
0
