0
0
0
0
4
6
14
0
34
26
90
2
64
80
116
6
18
140
35
9
50
62
5
29
14
0
0
2
15
6
12
3
42
35
49
4
28
55
74
3
3
92
73
4
21
129
57
7
103
54
26
13
25
68
24
9
57
10
62
5
83
20
47
12
38
64
53
3
5
95
84
0
14
106
77
5
36
105
53
12
12
171
60
13
54
0
20
0
94
17
26
3
27
79
54
2
23
96
77
0
0
100
90
0
0
142
62
0
83
115
33
29
28
2
0
0
88
46
26
8
25
109
84
8
6
130
78
0
2
110
74
2
5
93
38
8
208
33
13
12
27
61
5
21
40
109
25
20
11
134
49
18
17
103
29
23
17
94
20
19
20
80
5
19
185
6
43
4
23
158
17
72
24
101
30
27
4
114
11
17
9
69
12
18
11
61
12
54
23
126
51
50
98
60
130
0
