0
0
0
0
4
8
12
0
34
47
73
2
48
119
111
14
10
119
48
11
9
104
27
2
43
56
12
1
7
0
8
7
22
32
48
24
13
56
60
19
1
99
64
2
3
101
64
0
26
55
80
3
35
8
30
1
17
0
8
7
68
20
16
46
19
133
34
24
0
172
36
0
6
118
50
0
15
29
46
0
3
2
7
0
10
0
0
0
71
8
4
19
37
104
30
15
0
192
25
3
1
138
29
6
1
46
11
0
2
42
0
4
4
0
0
0
63
0
16
5
58
58
48
10
0
156
39
3
0
155
26
3
0
142
20
0
98
142
8
28
26
75
0
35
68
13
15
24
45
59
33
29
6
115
14
27
17
103
6
32
9
78
10
31
219
21
13
13
24
129
0
57
26
50
0
28
29
37
0
22
6
58
0
28
28
102
0
74
18
237
21
58
171
162
118
1
