0
0
0
0
6
6
24
0
5
36
83
2
20
111
132
3
18
116
56
4
30
50
4
16
20
1
0
3
0
0
0
0
62
4
27
7
29
40
43
4
0
100
38
2
27
95
45
5
81
27
36
8
26
1
4
3
0
0
0
0
96
3
7
6
60
60
27
9
3
86
29
0
18
59
41
2
49
15
36
8
2
0
4
0
0
0
0
0
97
3
4
2
91
39
20
2
6
81
23
0
5
91
20
2
8
70
23
3
6
62
11
15
0
0
0
0
95
6
12
3
67
65
32
6
0
114
40
0
0
126
32
0
0
128
23
1
99
90
17
60
8
30
0
12
90
6
7
13
57
63
26
18
22
77
26
19
13
50
13
18
6
44
15
21
174
11
39
32
82
99
0
95
59
24
0
37
52
45
0
41
35
37
0
28
26
34
3
25
24
56
31
9
153
87
129
3
