8
0
16
0
65
24
102
5
82
68
68
4
0
83
35
0
19
96
65
12
49
28
49
20
4
0
2
2
54
0
26
2
117
24
56
7
30
119
47
4
12
142
65
5
22
64
74
10
53
26
35
12
18
11
7
0
94
0
5
7
147
24
12
3
33
93
41
1
40
120
59
9
16
68
85
9
16
55
70
1
37
36
27
12
95
1
0
2
131
36
18
5
27
92
52
5
42
77
66
9
15
105
65
1
13
85
72
2
127
38
32
19
77
17
8
4
65
88
61
14
14
86
77
15
20
73
53
6
5
95
39
3
25
76
34
9
183
35
16
14
38
31
21
18
31
105
42
20
9
70
33
16
18
49
22
43
12
54
9
33
30
103
16
27
89
121
32
38
85
44
28
149
18
49
12
67
32
85
1
74
23
42
1
48
14
77
8
27
23
101
60
6
41
89
57
7
