2
2
4
0
18
10
40
0
20
59
106
9
9
106
83
24
3
82
30
5
30
58
14
0
9
4
3
0
16
10
8
18
28
21
30
17
22
55
46
9
14
120
59
5
38
61
45
4
40
15
33
0
9
0
3
0
7
3
1
17
54
26
9
41
32
114
44
14
12
130
59
1
37
122
57
0
33
99
18
0
22
29
3
0
0
0
0
2
73
12
2
9
27
99
26
8
5
145
58
0
8
123
61
0
14
146
40
0
42
121
10
23
0
0
0
0
70
2
8
6
32
63
46
9
1
144
59
2
0
132
51
1
0
99
40
1
141
78
5
38
19
42
0
43
47
44
19
26
27
84
37
32
10
86
22
32
19
56
12
29
31
37
4
38
207
4
16
25
61
94
0
137
36
78
7
85
18
65
23
56
10
65
4
53
12
48
0
34
28
152
9
57
206
185
83
26
