1
1
4
0
3
22
20
3
12
78
67
3
20
131
135
0
25
124
92
1
20
87
15
4
23
14
4
1
24
1
5
4
83
45
39
17
35
125
57
15
6
140
60
0
8
127
52
1
71
70
57
6
31
12
12
1
33
0
0
5
120
30
12
36
38
135
34
15
2
133
42
3
18
85
42
19
26
22
55
3
6
7
5
0
15
0
0
1
97
28
6
35
36
130
21
23
2
153
28
3
4
146
27
11
5
109
31
3
6
20
4
0
0
0
0
0
80
13
1
16
88
85
15
16
0
127
19
0
0
139
29
0
2
149
27
0
48
130
26
24
0
18
0
2
81
11
5
3
92
64
37
9
16
126
42
0
23
138
35
0
44
122
27
1
159
92
66
23
42
140
0
128
73
52
5
38
99
88
23
20
83
52
33
0
62
97
29
24
56
159
10
39
122
137
88
9
