0
0
0
0
36
24
14
0
37
90
78
3
35
145
58
20
12
186
3
17
51
94
13
18
21
6
5
2
0
0
0
0
75
7
7
9
51
100
43
6
0
214
20
22
59
134
5
14
123
17
26
2
17
0
5
0
0
0
0
0
78
3
6
5
70
92
47
11
0
190
45
7
61
155
29
17
120
26
14
0
0
0
0
0
0
0
0
0
87
4
12
5
99
108
41
20
0
170
49
3
15
147
32
0
27
95
18
0
6
91
1
8
0
0
0
0
75
20
12
5
55
116
22
15
0
169
21
4
2
159
15
4
2
139
14
3
103
158
12
37
18
30
0
62
33
56
10
31
19
107
10
22
12
87
8
21
10
95
18
21
18
61
10
55
147
52
66
41
18
95
0
85
8
42
2
14
7
53
2
14
6
97
15
12
4
201
60
15
5
174
99
22
54
144
116
16
