0
0
0
0
13
21
10
0
34
45
66
1
58
98
92
16
35
81
27
11
27
18
4
7
0
0
0
0
0
0
0
0
59
18
12
17
44
63
40
9
3
122
41
2
38
60
36
2
57
9
18
2
0
0
0
0
0
0
0
0
70
2
2
10
66
66
33
17
8
110
67
3
48
64
54
10
29
28
22
3
0
0
0
0
0
0
0
0
60
1
7
6
58
51
37
12
8
124
63
3
14
123
50
5
19
94
19
4
12
69
1
18
0
0
0
0
59
5
6
10
52
86
37
11
2
144
56
0
0
131
44
1
0
121
21
6
94
78
8
58
57
44
4
45
48
14
11
47
42
93
23
54
17
85
22
32
22
76
12
34
8
54
6
34
170
9
38
13
75
54
2
81
31
10
14
35
16
22
3
37
22
36
0
34
13
34
0
33
19
115
24
72
121
74
98
21
