4
19
14
1
9
62
40
1
18
98
95
3
30
138
79
11
17
112
20
15
22
34
16
16
0
0
0
0
11
32
15
2
61
73
25
21
35
144
39
8
0
188
44
14
48
122
50
22
74
20
20
8
0
0
0
0
0
1
0
1
101
27
8
10
59
154
40
13
0
177
61
8
26
102
60
18
33
55
20
2
10
37
5
0
4
0
0
0
90
21
27
16
41
139
43
21
0
193
24
1
0
149
41
2
0
139
24
1
18
81
13
0
4
0
0
0
93
26
20
19
40
141
27
12
0
190
26
0
0
181
23
0
0
172
8
0
46
154
12
22
10
44
0
14
42
55
2
17
27
133
12
22
11
150
17
18
7
134
11
30
13
127
7
45
196
84
15
31
53
80
0
103
20
29
0
27
14
79
0
51
12
56
0
32
11
131
0
40
16
217
19
44
203
141
113
27
