3
3
9
3
44
24
76
8
65
103
120
16
23
129
55
7
25
97
35
11
15
29
16
12
0
0
0
0
4
5
9
6
43
30
35
32
24
139
56
23
18
143
68
9
62
18
42
10
23
2
13
2
0
0
0
0
0
1
0
1
77
5
1
7
29
126
25
12
6
174
52
10
32
44
45
17
10
9
9
2
0
9
1
2
0
13
3
0
76
16
8
2
34
101
24
13
2
191
46
7
4
172
42
4
2
140
19
3
47
114
8
35
0
90
24
18
23
115
30
4
14
119
25
12
2
129
30
7
2
109
21
8
11
100
8
11
144
64
23
29
0
148
19
73
8
104
6
36
5
111
11
33
14
65
1
38
10
64
6
42
39
75
7
35
131
38
27
16
0
46
0
38
5
46
0
21
3
31
0
16
11
43
2
36
12
96
12
90
8
167
60
37
80
112
91
9
