1
6
2
1
10
55
29
2
42
113
110
1
45
88
71
4
20
41
9
4
5
0
1
0
0
0
0
0
36
9
8
1
35
83
29
9
7
122
67
2
41
90
76
5
69
36
48
5
5
0
1
0
0
0
0
0
65
0
17
0
51
54
38
7
4
139
46
3
26
125
65
0
35
74
53
0
14
46
12
0
0
0
0
0
105
0
27
0
55
51
43
1
10
117
56
1
6
117
59
0
5
96
45
0
11
55
14
0
0
44
0
0
85
19
32
18
43
67
34
0
10
127
49
0
4
127
37
0
0
121
25
0
0
139
13
0
66
158
10
8
13
43
6
10
7
120
21
0
0
119
29
0
0
97
21
0
0
87
16
1
0
65
8
1
163
37
48
8
175
108
4
29
30
75
16
43
62
80
3
47
54
52
15
61
77
42
17
74
83
74
15
54
129
65
111
13
