14
2
8
0
101
28
57
16
65
69
59
21
0
110
70
0
33
133
80
4
105
71
57
3
50
8
6
0
42
2
8
4
70
41
27
14
12
126
52
6
0
133
39
0
42
99
31
0
72
17
31
0
3
0
3
0
52
0
0
4
82
41
20
11
8
119
44
5
0
141
39
0
9
137
36
4
27
82
16
17
20
39
2
11
56
0
0
0
90
36
19
7
6
107
60
3
0
153
60
1
10
129
37
20
36
82
33
25
119
135
21
29
44
45
27
4
39
53
41
1
0
122
67
1
0
134
52
2
4
110
39
7
4
96
29
11
200
68
23
19
35
106
27
28
31
78
39
20
19
47
25
47
14
44
29
45
2
78
65
17
0
112
32
24
161
82
12
63
88
140
25
37
27
21
8
24
28
34
19
47
12
36
22
28
3
79
28
40
0
112
10
100
161
155
76
80
