18
19
27
2
30
76
124
8
37
120
114
1
14
133
47
0
20
144
45
3
52
56
18
2
0
0
0
0
41
26
35
2
101
54
38
9
37
139
51
7
2
187
71
6
48
105
67
6
56
11
24
3
0
0
0
0
30
0
2
0
127
0
10
3
78
98
19
11
6
183
55
10
65
77
53
13
52
37
42
5
22
26
12
0
28
0
5
3
101
24
17
12
31
103
37
15
4
148
56
6
16
162
41
7
23
168
57
4
48
127
33
36
33
0
14
3
80
66
36
16
7
168
44
5
0
144
59
1
0
141
50
3
1
130
27
4
159
95
23
31
22
46
24
42
29
92
39
26
4
128
19
41
19
88
16
35
13
39
6
30
19
32
4
43
157
3
85
7
0
108
13
81
2
62
0
22
1
57
0
42
7
98
4
49
10
194
12
66
14
154
82
18
73
30
159
4
