5
0
9
0
25
24
69
0
41
72
159
0
17
110
117
0
29
140
62
5
51
63
30
12
7
0
1
2
32
0
10
4
80
27
52
17
27
105
93
5
0
141
106
1
51
99
78
8
52
9
37
2
1
0
1
0
39
0
0
7
69
38
7
22
5
119
74
8
1
114
106
1
30
91
82
3
17
79
49
1
5
75
14
10
28
0
2
2
98
24
16
6
21
114
65
4
6
138
86
0
4
119
69
0
0
98
54
0
17
100
29
26
44
0
3
1
115
26
26
5
41
125
60
10
1
169
64
0
1
144
45
0
0
129
39
0
105
94
51
26
31
25
0
8
42
79
14
13
10
115
40
5
2
102
28
8
2
92
24
16
11
57
29
13
96
30
100
2
35
85
7
161
21
109
8
70
22
129
1
70
33
100
0
55
25
84
12
49
71
98
40
49
64
55
60
13
