12
8
30
0
8
77
96
3
0
158
110
12
0
144
28
4
24
121
6
15
28
21
3
16
0
0
0
0
57
3
14
12
28
108
29
9
0
202
31
1
0
213
33
0
38
150
23
19
77
22
7
28
12
0
1
1
68
2
1
7
53
88
19
24
1
197
29
3
0
204
22
0
29
161
26
10
47
57
22
14
12
18
1
7
72
0
0
2
79
72
13
12
6
166
29
5
0
193
35
0
4
183
32
1
4
152
15
1
10
85
14
15
58
0
0
8
74
66
10
20
9
163
32
8
0
174
42
0
0
175
27
0
0
183
16
1
65
143
8
6
29
28
0
7
46
110
4
22
12
152
23
19
7
133
25
21
4
144
15
31
8
121
9
20
188
57
1
24
38
164
0
90
8
63
0
47
27
67
1
53
22
39
5
52
21
58
10
55
11
78
15
48
221
142
47
68
