18
10
8
6
15
57
40
6
1
89
82
4
15
149
53
21
7
109
0
6
17
60
2
9
14
6
2
2
38
7
7
12
54
46
18
22
5
154
14
13
0
211
2
3
5
181
5
7
57
46
19
10
35
6
7
2
50
0
4
2
85
47
14
16
15
199
11
13
0
238
2
0
13
164
11
10
74
32
15
5
25
0
3
0
50
0
6
0
105
50
15
12
28
169
12
13
0
232
14
0
3
217
15
7
23
117
15
15
12
14
4
8
64
0
9
5
79
58
28
13
13
187
17
5
0
191
23
0
0
220
12
0
2
187
11
12
16
119
5
26
50
49
12
21
57
103
15
19
28
157
21
4
8
139
19
6
8
144
16
0
7
154
9
0
122
113
19
26
112
124
36
32
62
57
20
1
46
62
15
3
18
24
17
9
60
48
31
21
63
141
67
45
124
69
147
8
