6
1
0
1
15
10
3
6
54
109
55
14
44
237
67
8
22
179
26
1
26
118
17
3
29
20
7
0
22
1
0
1
125
17
8
12
33
115
26
16
3
190
41
6
29
161
59
1
93
43
58
2
31
0
15
0
32
0
0
0
144
31
12
13
28
155
32
15
0
193
51
0
28
156
52
0
59
34
55
0
6
0
6
0
32
0
0
0
115
59
12
14
13
174
30
11
0
194
38
0
6
175
31
6
14
57
15
4
0
0
0
0
30
0
0
2
120
49
8
11
23
138
23
4
4
143
40
1
5
156
28
3
9
135
32
2
53
135
16
28
30
0
0
2
116
23
13
12
30
94
40
4
28
107
37
6
54
81
34
25
26
73
53
10
91
97
104
16
130
21
50
23
120
39
22
21
51
50
34
21
113
26
13
20
56
36
54
16
22
79
113
10
18
45
87
0
