0
0
0
0
0
9
7
0
15
30
36
1
17
89
106
4
39
104
68
13
15
31
4
8
3
2
0
1
6
0
1
1
28
27
17
8
13
69
35
7
8
156
28
4
2
163
29
14
48
60
9
33
27
2
0
5
6
0
1
1
59
2
3
18
36
85
23
10
0
203
33
2
15
129
25
13
75
21
11
9
51
0
3
2
0
0
0
0
74
3
3
2
63
80
27
8
5
132
32
1
23
93
25
5
36
36
20
8
22
1
7
0
0
0
0
0
63
11
13
5
57
101
29
9
5
179
22
0
9
166
15
2
1
128
15
12
3
74
2
55
18
24
8
12
24
22
11
15
27
100
19
14
12
121
9
8
20
115
10
19
12
97
6
19
120
65
0
81
184
89
36
71
82
29
15
38
86
32
8
38
77
33
10
40
35
18
0
83
24
117
10
95
146
159
112
7
