2
6
6
0
2
29
21
0
0
56
44
0
4
113
72
3
29
196
80
7
42
83
13
4
10
2
0
0
14
11
7
10
32
39
28
21
14
83
36
5
0
140
42
2
7
167
27
17
75
53
11
9
24
2
2
0
7
0
0
9
66
6
4
30
39
105
28
14
0
184
51
1
19
140
32
9
79
28
15
6
23
0
3
0
0
0
0
0
77
0
6
7
41
106
31
12
0
212
44
2
3
190
24
5
22
134
17
5
15
34
1
0
6
0
6
0
73
4
27
4
36
98
46
8
0
194
37
1
0
215
29
0
4
223
19
2
42
165
1
18
9
18
11
6
36
73
26
13
20
120
35
13
2
140
28
8
6
127
28
11
6
143
21
30
143
105
13
37
19
229
19
49
14
106
9
39
2
142
9
49
8
97
10
51
6
107
5
54
12
107
25
54
160
156
77
39
