4
3
1
0
4
25
21
0
43
102
78
7
48
188
73
3
25
122
9
4
20
46
4
4
3
0
1
0
21
3
1
3
52
30
26
16
19
104
52
7
2
189
34
3
37
184
26
9
82
51
22
9
3
0
1
0
20
0
0
4
87
18
13
16
25
138
41
12
0
197
43
0
41
144
55
12
79
21
19
9
0
0
0
0
12
0
1
1
91
21
17
13
43
158
27
10
0
222
28
0
13
137
33
9
17
18
16
5
0
0
0
0
21
0
1
0
103
15
11
7
46
149
17
10
0
196
32
0
6
163
33
0
9
132
9
2
37
122
25
4
27
24
0
1
60
33
10
13
23
124
12
9
13
154
17
4
9
116
30
9
22
97
11
4
131
67
48
6
85
67
107
17
31
55
3
31
25
57
3
15
29
46
0
11
24
55
0
23
52
52
23
35
184
52
56
16
