12
0
12
0
47
46
64
5
57
111
77
25
14
122
50
8
25
139
37
3
46
40
7
1
0
0
0
0
40
6
13
11
40
57
26
31
3
146
57
12
12
142
64
2
39
57
55
3
45
4
28
1
0
0
0
0
33
2
0
9
66
48
16
34
4
154
69
13
0
134
77
3
20
49
62
1
12
1
15
0
0
0
0
0
36
0
3
1
70
41
29
8
3
144
63
6
0
154
84
0
8
79
51
0
2
55
11
0
28
97
13
2
34
8
6
4
51
65
42
24
0
153
60
5
0
143
51
0
0
117
45
0
0
117
35
0
138
130
22
20
23
28
11
4
20
108
26
16
3
127
28
14
8
91
21
18
17
74
19
30
23
44
15
38
220
8
26
22
169
45
72
0
13
39
0
18
21
103
6
66
21
52
10
61
32
46
2
54
31
79
4
72
202
125
97
50
