0
36
18
12
0
84
39
3
0
134
105
1
23
122
107
0
28
65
31
0
20
31
5
0
0
0
0
0
23
40
17
34
21
58
24
17
0
67
35
2
0
48
16
0
25
35
20
0
52
13
23
0
0
0
0
0
47
0
6
7
52
25
15
8
0
82
23
1
6
77
16
7
16
52
21
5
32
64
19
9
12
5
4
3
67
0
9
0
52
57
28
3
0
159
41
2
4
137
44
3
2
141
14
3
15
136
24
5
31
116
13
16
62
11
9
6
59
83
36
16
0
156
41
3
4
130
27
13
5
98
24
33
3
105
25
13
115
72
39
18
46
51
6
53
69
76
27
44
14
100
22
38
15
75
14
58
23
53
7
93
30
32
13
51
163
0
58
3
28
75
19
66
25
43
3
35
15
68
12
47
9
45
6
86
6
126
1
119
39
172
37
62
133
47
75
5
