9
3
12
0
17
35
69
3
15
107
117
7
10
105
67
10
3
97
12
2
11
77
2
14
9
10
0
11
50
6
19
9
33
59
31
19
11
122
31
8
0
126
48
0
6
159
35
2
39
88
32
17
42
10
19
13
51
3
1
19
53
69
6
48
7
136
22
15
2
82
37
1
8
73
33
0
28
42
50
0
9
1
20
0
49
0
0
7
77
31
7
17
19
101
27
19
2
104
35
1
5
104
31
0
9
57
16
0
0
5
1
0
27
0
0
5
67
21
3
25
17
103
14
14
0
110
20
0
0
136
23
3
0
177
27
2
29
123
4
24
16
16
12
8
18
24
0
28
15
70
0
25
18
81
8
11
17
113
10
16
12
139
6
17
147
109
21
41
106
109
67
30
84
14
8
10
171
28
15
28
165
30
13
26
75
30
7
32
89
41
14
52
230
81
109
12
