8
2
0
0
12
23
25
0
71
81
53
15
60
118
16
24
0
92
13
3
15
81
22
4
23
24
7
2
22
2
0
2
66
37
18
13
5
152
28
7
1
214
13
6
6
190
36
12
86
73
47
12
70
12
14
2
30
0
0
2
87
31
8
18
7
166
13
20
0
223
17
0
9
148
48
5
50
22
79
5
39
0
17
0
18
0
0
0
87
9
4
24
36
118
15
19
0
189
13
0
0
180
38
0
9
70
45
0
5
0
5
0
2
0
0
0
97
9
4
10
50
109
13
12
6
174
37
11
2
173
32
9
4
109
16
1
10
77
11
20
10
12
0
0
50
30
5
7
29
161
13
13
6
163
26
11
12
146
7
25
8
152
6
8
128
111
28
43
169
72
53
0
37
40
8
33
42
75
3
52
27
37
1
33
48
45
0
25
43
62
1
32
146
68
34
36
