10
33
12
1
11
61
38
2
27
142
94
3
36
152
66
0
19
88
5
6
17
22
1
8
0
0
0
0
25
52
12
5
28
61
17
24
11
140
32
11
1
227
31
1
48
149
26
13
61
20
14
7
0
0
0
0
7
0
0
3
78
12
5
19
34
136
27
13
2
204
31
1
61
107
37
7
49
9
15
1
0
0
0
0
10
0
0
0
87
13
16
6
41
118
28
9
2
188
31
1
25
121
19
5
18
10
4
2
0
0
0
0
24
0
2
0
100
17
14
7
38
115
29
22
0
189
23
6
13
156
20
5
4
105
3
2
2
91
0
29
38
26
2
20
85
25
15
25
30
111
21
24
5
140
22
11
5
131
16
6
3
139
1
5
114
114
6
56
119
42
52
39
59
27
3
39
44
46
5
27
60
42
13
37
39
10
9
26
62
52
30
76
199
120
132
25
