0
0
0
0
10
0
26
0
67
45
110
20
29
105
88
20
22
141
40
7
71
72
8
17
15
0
1
2
0
0
0
0
44
0
29
13
37
76
62
15
2
158
81
3
43
127
51
17
85
22
34
7
9
0
1
0
0
0
0
0
68
0
3
15
65
75
47
21
7
167
86
8
41
96
77
14
35
12
26
3
0
0
0
0
0
0
0
0
71
0
11
4
80
93
35
18
10
163
77
8
18
102
67
11
3
90
33
0
36
146
6
20
0
0
0
0
61
22
15
4
44
120
54
8
6
166
57
1
9
119
50
0
0
84
40
0
184
106
7
21
15
59
0
12
17
37
5
9
10
120
26
8
0
94
23
5
0
90
19
9
0
22
13
7
191
34
22
49
56
109
10
47
6
13
4
7
0
69
13
10
0
36
5
5
14
30
6
16
18
84
15
85
127
118
134
69
