5
0
4
3
25
36
47
4
17
128
114
1
11
134
90
15
5
116
13
10
12
55
1
14
7
0
0
3
8
0
4
4
56
20
27
27
23
66
36
5
8
113
28
7
10
179
30
9
66
59
19
18
21
0
2
3
3
0
0
1
59
1
1
19
31
72
25
18
1
169
26
4
22
147
43
8
69
25
50
4
15
0
3
0
0
0
0
0
66
5
9
6
61
103
27
15
0
204
33
3
24
142
42
16
19
33
26
6
1
14
1
0
3
0
1
0
66
9
29
12
44
96
43
9
0
193
32
1
4
168
39
5
4
121
28
11
53
105
25
59
7
38
1
16
49
46
23
10
25
120
28
13
1
126
30
9
10
108
23
15
12
77
16
17
165
47
45
37
36
112
0
134
34
99
2
55
25
79
3
59
15
43
1
45
14
76
1
55
13
199
6
48
172
132
116
4
