1
5
4
0
18
25
36
1
28
96
103
3
21
115
105
33
22
29
24
25
0
0
0
0
0
0
0
0
7
8
19
0
38
60
60
2
75
90
51
28
41
154
51
22
58
36
27
15
0
0
0
0
0
0
0
0
2
2
8
0
32
2
9
1
84
53
18
11
39
140
69
14
44
51
41
10
3
10
9
6
0
0
0
0
0
0
0
0
32
0
0
0
92
39
24
7
11
141
65
5
5
120
61
6
6
79
30
9
26
116
10
12
0
0
0
0
25
0
0
1
88
51
18
11
12
140
42
6
0
129
57
0
0
117
33
0
134
137
43
16
25
20
7
48
28
15
6
15
30
54
6
26
11
83
23
25
56
52
16
16
44
17
6
13
146
4
84
0
61
24
11
98
43
15
18
44
21
16
7
32
18
22
3
43
53
18
0
45
84
96
12
86
142
74
70
12
