8
0
0
0
18
18
32
0
30
106
105
3
41
133
69
7
18
50
4
16
8
1
0
5
0
0
0
0
18
0
0
0
71
21
13
9
13
148
36
11
26
195
44
21
74
67
17
24
29
1
3
5
0
0
0
0
10
0
0
0
77
14
7
16
31
142
29
16
19
177
36
10
90
56
21
13
25
0
3
2
0
0
0
0
0
0
0
0
89
7
6
10
55
106
45
16
13
155
56
8
23
145
32
8
15
103
3
5
4
71
0
19
0
0
0
0
49
13
3
15
44
111
37
18
1
161
55
1
0
135
31
0
0
133
8
5
92
93
8
61
26
27
65
4
19
26
5
14
15
74
13
30
12
55
17
14
11
44
12
13
16
45
10
13
156
12
56
20
31
30
89
22
8
12
4
12
8
46
9
31
6
22
10
12
11
20
6
11
16
65
56
35
75
42
143
8
