2
3
1
0
8
14
16
0
9
85
74
2
4
153
144
1
10
175
90
1
32
113
20
3
24
14
4
0
8
6
1
1
39
49
30
8
17
101
69
5
0
169
80
1
9
143
74
6
57
55
46
6
32
0
8
0
2
3
0
1
76
19
13
6
27
118
68
7
3
151
79
3
14
127
74
7
36
49
47
4
8
7
5
0
0
0
0
0
80
3
4
1
39
83
44
10
6
109
63
10
6
135
62
7
6
133
46
1
16
54
7
17
0
0
0
0
78
15
6
1
34
107
47
8
6
163
64
7
0
163
49
0
0
128
39
7
86
56
11
77
6
75
14
31
38
94
10
18
23
133
26
20
11
148
28
19
8
94
10
16
16
79
7
34
205
27
8
48
14
122
16
64
20
94
6
36
8
89
11
32
10
74
6
20
14
103
5
48
12
210
16
48
191
146
121
12
