0
0
0
0
24
23
3
0
12
91
43
2
13
179
115
5
26
101
60
3
12
8
0
0
0
0
0
0
0
0
0
0
69
11
4
12
38
102
31
21
6
206
39
7
79
106
28
11
44
8
0
0
0
0
0
0
0
0
0
0
48
0
13
17
35
83
26
22
3
219
47
7
68
128
31
11
44
39
0
1
0
15
0
1
0
0
0
0
57
0
12
7
28
77
30
11
1
170
25
4
12
162
19
5
12
161
8
1
10
107
1
16
0
0
0
0
65
13
7
5
46
83
11
10
10
170
12
6
4
148
36
2
0
171
29
0
54
170
5
43
45
62
0
49
21
52
8
25
22
130
3
35
59
129
6
28
62
97
19
16
2
78
16
2
191
51
2
28
44
77
0
97
27
82
0
59
16
57
0
59
37
34
0
27
47
19
0
22
10
88
0
88
259
199
32
62
