29
21
15
31
17
100
22
35
2
142
52
4
31
216
80
5
63
117
13
17
19
6
0
9
0
0
0
0
9
0
0
17
52
16
5
43
20
146
18
14
10
203
13
12
83
94
14
27
62
6
1
15
0
0
0
0
3
0
0
1
83
6
4
13
54
120
17
17
1
225
4
10
42
145
16
19
46
17
11
12
0
0
0
0
0
0
0
0
88
1
2
9
73
108
9
16
0
233
2
5
3
215
7
1
9
140
7
6
9
22
0
5
0
0
0
0
51
4
1
18
64
96
5
41
0
202
7
7
0
210
6
0
7
186
0
11
9
87
0
34
0
56
21
41
14
34
6
38
12
87
2
55
3
139
7
25
12
137
14
31
12
126
4
46
104
60
0
80
0
109
20
89
12
132
4
108
22
92
2
96
29
76
0
67
53
43
3
59
22
65
9
78
208
143
64
47
