8
4
0
0
8
31
15
0
73
73
40
32
45
87
36
40
37
115
43
7
53
49
15
3
0
0
0
0
27
4
0
3
57
53
18
16
9
107
43
7
1
127
39
5
61
74
53
10
58
6
27
3
0
0
0
0
27
0
2
3
96
25
12
13
26
90
36
10
0
146
44
2
23
100
33
2
15
3
12
0
0
0
0
0
28
14
6
2
104
43
21
10
29
167
46
8
0
195
55
0
16
145
27
0
6
94
0
10
2
73
0
29
17
119
7
43
44
107
28
7
12
144
54
6
0
130
35
1
2
134
6
0
2
147
0
9
110
128
10
56
14
148
1
35
23
96
8
29
19
56
10
39
37
72
7
18
15
44
4
5
15
87
11
23
143
60
59
18
20
151
0
23
15
33
0
20
18
28
0
24
26
48
4
6
20
80
11
79
39
159
65
85
90
58
123
15
