8
4
0
0
35
25
25
1
98
69
85
2
51
112
51
0
15
140
58
5
53
89
37
9
19
8
5
0
12
8
0
0
52
58
15
11
31
134
58
11
3
203
76
0
31
139
66
12
79
20
42
7
12
0
4
0
0
4
0
0
64
10
8
10
62
84
51
15
0
161
75
2
20
125
68
11
35
70
43
6
8
36
6
2
0
0
0
0
69
5
12
2
55
97
50
6
6
141
59
2
7
136
53
2
4
120
49
7
16
94
16
8
0
3
3
0
73
14
21
4
59
110
45
10
6
178
37
7
19
146
53
14
16
134
42
14
126
168
14
16
17
87
30
68
49
64
49
38
46
79
23
46
20
91
18
69
33
52
25
52
51
39
31
67
202
27
58
23
42
62
31
169
29
36
17
112
39
71
0
76
49
67
2
56
33
39
10
84
23
126
52
47
140
143
132
31
