0
2
0
0
4
16
11
3
31
92
65
12
23
201
102
2
0
198
99
1
27
95
51
11
29
22
9
8
18
8
4
6
23
47
54
10
25
134
67
16
9
184
66
9
2
183
72
5
56
66
60
10
52
0
14
2
32
3
3
12
73
48
47
28
22
138
83
5
4
160
66
2
2
173
65
4
44
95
62
5
26
13
15
0
31
0
0
1
111
34
19
10
30
132
61
7
3
159
76
0
7
170
81
0
11
163
68
0
115
76
21
0
32
0
0
0
98
21
20
7
26
127
77
12
3
190
81
0
10
156
76
0
15
124
43
2
236
50
14
2
17
3
5
5
46
83
42
17
8
162
66
16
7
170
47
14
17
123
31
17
22
93
4
45
247
15
0
24
1
248
17
54
1
155
16
22
4
128
9
31
7
76
6
19
13
93
9
15
12
166
5
39
234
209
67
34
