6
14
7
1
30
83
22
11
33
201
36
32
4
183
40
9
60
135
40
17
62
30
10
14
0
0
0
0
11
18
10
1
74
78
31
13
34
164
42
6
0
175
41
6
85
54
55
10
87
0
22
1
0
0
0
0
18
0
2
0
101
32
30
7
33
145
49
7
8
152
55
5
54
60
56
12
39
12
18
3
0
0
0
0
32
0
0
0
90
30
22
6
8
158
53
7
10
155
59
6
22
101
49
6
18
76
19
3
25
92
8
13
25
16
9
0
93
51
38
6
6
137
52
9
0
166
61
3
1
128
35
4
1
129
30
8
132
99
26
39
14
48
35
5
35
94
35
12
18
90
26
22
12
88
16
42
6
60
6
32
12
54
9
53
149
26
70
27
123
56
127
26
18
10
10
10
32
48
0
64
18
65
0
71
20
68
13
63
41
82
59
50
81
54
118
13
