0
0
0
0
20
16
14
4
11
52
81
6
22
170
96
4
28
172
28
0
7
134
14
9
53
46
3
16
0
0
0
0
56
3
3
12
59
35
28
18
20
124
42
14
0
183
30
1
15
108
27
10
119
8
4
7
0
0
0
0
57
0
11
8
97
31
38
24
32
97
19
20
0
175
16
3
12
106
14
6
100
6
12
16
0
0
0
0
83
1
6
2
122
44
19
15
30
119
24
19
3
92
25
6
1
72
15
0
59
38
15
8
0
0
0
0
69
15
7
3
49
118
32
9
16
152
37
13
14
164
23
9
0
176
22
0
39
144
5
32
28
41
0
33
45
61
4
20
17
133
15
11
11
116
23
8
11
137
9
23
4
108
12
8
145
74
21
38
69
88
0
75
30
58
0
32
11
55
0
14
6
19
0
5
8
145
17
52
6
223
22
29
148
118
120
8
