2
0
0
0
11
49
22
0
7
114
92
3
20
171
98
5
47
128
23
12
33
14
3
6
0
0
0
0
21
3
3
3
30
80
24
16
2
147
50
7
8
172
48
6
74
75
35
16
50
3
11
4
0
0
0
0
33
3
5
3
72
40
21
17
4
136
56
10
8
171
55
6
47
97
44
20
22
8
8
6
0
0
0
0
43
0
7
0
77
47
28
8
5
137
51
5
3
138
51
6
21
76
27
24
22
59
14
15
27
90
17
32
48
0
12
0
67
57
39
9
6
154
55
5
6
133
55
8
10
81
28
13
6
81
31
4
151
77
16
38
66
22
24
14
45
77
42
20
19
116
36
19
24
81
24
19
28
63
14
23
12
22
6
18
195
0
41
2
118
40
88
58
61
64
11
74
69
53
1
57
95
26
0
63
52
24
0
68
15
105
8
96
123
90
129
16
