6
3
6
1
7
17
54
2
7
48
92
5
18
107
79
16
31
85
23
19
29
11
6
8
0
0
0
0
6
3
6
1
53
12
15
8
17
35
19
3
8
102
41
11
80
62
35
19
47
0
12
3
0
0
0
0
0
0
2
2
59
0
12
9
29
63
25
7
11
132
47
6
52
80
36
4
23
16
10
5
1
0
0
3
0
0
2
2
72
1
5
6
31
20
7
6
16
120
31
15
13
159
33
9
11
90
26
17
2
21
2
7
0
0
0
0
79
12
5
4
37
85
25
13
12
87
37
12
14
144
31
13
1
163
8
10
45
106
2
51
8
47
0
51
31
40
6
27
17
84
18
19
13
96
16
27
16
73
8
27
19
85
2
30
166
45
19
46
67
67
0
140
85
25
0
86
84
44
8
86
66
45
6
61
76
46
0
58
35
32
13
48
132
82
98
44
