1
1
2
0
9
5
26
0
19
58
119
4
40
110
124
2
15
125
17
5
27
75
2
12
20
7
0
1
10
8
34
0
23
30
62
7
21
93
54
14
8
163
67
2
10
167
36
9
74
54
14
12
45
5
5
1
20
21
53
0
40
26
39
15
51
57
27
17
8
166
60
4
21
157
36
6
60
36
26
4
19
0
7
0
4
4
2
0
55
4
2
1
90
32
25
11
15
147
62
8
6
209
35
0
15
105
20
0
8
65
6
5
0
0
0
0
50
3
2
3
79
70
21
14
11
199
48
8
2
195
47
0
4
155
43
0
103
133
8
18
6
64
1
15
27
33
3
17
33
98
14
23
7
161
14
20
4
115
19
10
15
85
19
15
159
27
57
11
8
165
7
38
16
65
5
20
9
76
4
23
12
78
1
23
19
157
2
42
24
189
60
23
87
50
137
6
