0
0
0
0
40
52
24
12
41
197
71
13
21
170
37
4
12
64
0
4
12
8
0
0
0
0
0
0
0
0
0
0
86
15
4
11
42
135
27
14
1
199
43
11
61
92
13
10
44
8
0
0
0
0
0
0
0
0
0
0
85
11
6
4
37
104
62
7
8
167
73
8
64
63
38
11
38
3
11
0
0
0
0
0
0
0
0
0
95
14
10
5
54
96
48
6
5
121
59
3
23
126
59
4
18
54
38
0
4
34
3
7
6
0
1
1
78
34
17
11
37
130
39
8
0
145
71
0
3
156
65
0
3
132
49
0
77
83
10
56
20
24
15
1
44
71
17
8
25
160
41
2
2
129
39
2
5
81
35
7
5
50
18
5
186
17
5
52
103
54
132
21
89
45
18
0
99
53
22
2
50
36
3
39
111
36
15
52
102
78
22
58
230
195
16
69
