16
5
5
2
33
49
55
9
17
156
104
13
9
157
69
29
9
62
5
22
6
15
0
9
0
0
0
0
46
4
4
4
89
17
16
22
36
157
16
27
8
243
15
12
31
131
10
22
66
29
5
18
0
0
0
0
56
0
0
0
118
8
4
4
70
114
7
21
2
225
8
13
26
184
22
6
59
72
15
12
0
16
0
0
52
1
0
3
125
9
0
4
83
83
4
16
2
180
6
12
4
198
6
0
4
158
12
0
20
100
10
2
20
1
0
3
55
67
5
13
36
147
5
6
0
184
10
2
0
183
17
0
0
181
29
0
88
163
20
19
4
46
0
12
8
81
5
4
4
161
5
6
12
154
12
16
12
140
16
28
10
108
15
27
203
44
25
20
13
166
0
67
12
80
0
18
6
124
7
33
23
70
5
38
15
54
0
37
24
102
36
42
148
128
129
13
