0
3
5
0
16
27
32
3
54
120
95
3
36
169
99
10
14
132
65
9
58
102
22
16
37
20
5
8
9
20
13
0
33
62
39
18
30
73
61
20
5
100
88
5
10
105
68
19
87
48
45
22
40
33
10
1
3
10
3
0
58
11
4
15
45
37
36
16
3
80
62
3
12
98
63
13
33
71
47
21
29
156
42
5
0
0
0
0
66
2
15
1
69
53
53
3
0
119
79
0
5
121
77
1
7
129
48
12
37
164
42
19
5
0
2
1
49
10
40
17
34
113
68
11
0
163
77
0
0
127
66
1
7
121
30
2
151
94
22
15
19
41
5
15
27
45
56
22
7
102
53
40
2
93
30
29
3
104
17
30
18
77
12
33
152
17
42
19
77
138
22
105
16
70
12
120
20
60
12
96
4
95
3
64
5
140
21
34
43
141
99
27
68
141
64
33
