8
20
16
0
7
57
55
3
41
60
66
9
44
84
27
5
0
81
6
7
18
57
3
14
15
4
3
6
12
30
12
0
43
46
19
12
39
46
8
11
4
102
13
3
5
93
10
14
58
22
16
12
39
4
7
4
0
0
0
0
69
0
0
3
64
48
6
14
4
180
20
8
5
179
33
7
39
82
16
7
21
4
3
0
0
0
0
0
72
0
0
0
56
32
4
6
5
136
27
12
9
196
36
5
13
168
21
2
25
103
4
12
0
0
0
0
54
12
0
0
40
84
9
3
7
185
21
3
9
156
36
5
9
138
29
2
109
104
28
19
15
95
1
39
21
85
1
27
26
93
4
15
17
119
2
34
4
120
5
35
35
70
8
17
177
7
32
2
16
116
6
62
17
61
6
28
18
47
0
11
13
48
0
21
14
121
0
31
31
204
18
39
166
72
83
11
