10
9
25
0
20
48
66
2
1
99
45
33
0
166
69
19
27
167
77
9
80
105
25
28
49
31
8
20
27
47
61
11
34
68
26
20
6
77
23
10
2
140
52
4
15
126
49
10
82
22
9
5
56
0
0
0
50
25
11
10
65
24
9
10
7
63
26
2
2
150
49
5
20
129
37
10
49
51
27
9
28
1
4
3
56
0
0
0
96
36
10
6
16
112
40
4
4
142
39
1
16
115
29
4
16
89
16
19
40
110
12
20
47
0
0
5
79
42
8
17
11
135
53
7
4
147
64
1
11
107
44
10
4
96
14
12
174
86
7
19
26
38
4
18
46
106
1
35
11
130
31
30
14
107
36
35
10
79
12
41
22
49
2
69
229
4
17
18
18
172
10
90
7
146
0
67
10
124
5
43
14
89
2
35
12
40
0
22
30
83
20
39
196
92
122
20
