0
0
0
0
18
23
53
8
22
108
114
10
17
106
44
5
23
89
9
9
18
8
1
5
0
0
0
0
0
0
0
0
71
11
10
4
26
54
14
8
7
130
40
11
73
128
27
20
52
7
2
5
0
0
0
0
0
0
0
0
79
13
9
9
37
89
20
10
8
138
36
18
63
55
26
16
48
48
10
10
10
20
2
4
0
0
0
0
80
27
24
9
38
159
25
8
15
145
19
9
22
40
15
13
29
107
19
25
10
72
4
22
12
29
5
0
49
93
28
6
18
167
38
5
6
141
37
6
8
79
16
5
18
98
2
20
57
103
28
48
22
49
16
55
21
94
8
29
16
81
17
32
21
70
16
37
29
54
4
31
31
32
11
32
134
2
61
5
29
35
8
94
17
24
0
33
14
21
1
34
22
41
5
52
20
168
10
74
31
161
100
24
76
21
103
0
