17
5
5
1
20
72
56
4
4
164
128
10
12
134
97
17
16
51
36
15
7
0
2
3
0
0
0
0
46
4
4
4
60
74
27
11
0
188
51
3
16
161
81
6
75
51
54
14
16
0
3
3
0
0
0
0
42
0
1
3
66
75
37
14
2
187
53
2
24
168
54
4
59
59
37
5
9
15
1
1
0
0
0
0
20
0
1
3
93
43
28
22
22
151
57
12
4
175
45
0
4
146
31
7
8
56
11
17
2
0
1
1
7
0
0
1
104
26
15
19
48
136
46
16
0
187
31
0
0
162
21
5
2
138
16
6
56
120
25
25
6
10
2
4
53
51
12
12
25
122
25
12
11
128
16
15
12
124
10
16
22
102
9
3
159
64
62
13
12
102
5
45
6
50
15
27
10
85
13
16
19
24
0
21
21
40
0
27
39
124
33
12
149
68
121
0
