8
14
3
3
14
58
40
8
11
107
62
6
24
169
66
21
6
152
19
13
15
92
9
16
24
17
0
15
8
14
3
3
62
26
11
25
29
118
16
25
5
192
21
18
7
158
17
18
29
38
39
10
47
0
21
4
0
0
0
0
83
1
2
10
52
115
21
22
4
210
26
26
15
142
19
16
34
72
34
0
11
20
17
0
0
0
0
0
74
0
1
11
46
87
15
24
5
193
18
16
0
193
10
3
3
157
12
0
23
76
19
0
0
0
0
0
39
31
6
16
44
101
11
26
6
186
6
6
0
192
1
7
0
175
5
16
19
109
13
21
63
36
37
22
22
48
12
40
19
108
4
45
19
140
8
33
34
146
2
40
20
117
1
40
103
90
12
49
83
63
59
51
37
48
5
40
26
48
1
43
27
29
8
30
36
64
6
56
39
108
17
96
149
98
105
30
