17
6
4
1
26
49
42
1
10
96
95
13
20
146
66
32
20
77
35
20
30
27
26
19
4
0
1
1
31
5
3
9
84
23
21
34
34
125
28
27
4
189
19
34
68
86
31
15
62
7
19
2
4
0
1
1
26
0
0
6
103
8
5
22
38
129
10
43
4
212
10
24
60
90
29
13
51
5
9
3
0
0
0
0
17
0
1
2
86
3
9
16
45
79
14
28
0
179
26
11
25
156
8
17
20
19
2
7
0
0
0
0
2
0
1
1
70
10
7
13
40
113
23
16
0
216
24
2
5
191
10
2
5
160
3
4
32
137
8
17
45
35
13
7
30
44
1
21
17
101
16
16
6
107
11
14
7
110
5
24
22
117
8
23
117
84
63
16
120
45
30
137
16
61
12
51
12
100
0
50
20
72
0
36
10
37
4
37
64
116
35
65
148
67
88
15
