8
0
12
0
23
10
77
2
12
69
107
12
10
133
62
13
14
111
6
33
19
11
1
31
1
0
0
1
13
6
21
0
58
18
49
7
32
31
21
8
0
128
33
5
29
108
19
22
66
7
13
26
8
0
1
1
1
3
4
0
86
6
18
2
81
70
39
16
5
177
25
13
21
99
49
9
35
12
42
1
7
12
3
4
0
0
0
0
97
5
5
5
72
71
32
27
14
156
27
19
12
94
45
23
11
88
30
5
14
116
11
35
0
0
0
0
60
16
2
16
23
114
27
18
1
162
42
5
0
97
27
4
5
108
16
7
78
137
9
66
7
18
40
5
16
30
12
24
9
103
8
36
7
128
18
41
18
102
28
46
11
109
14
54
164
51
34
33
10
74
137
27
11
20
18
11
20
30
6
64
22
32
5
55
30
38
7
47
39
116
25
112
130
107
110
57
