2
13
9
0
5
51
44
0
3
92
111
4
8
151
121
8
45
84
31
12
27
6
6
1
0
0
0
0
26
32
23
3
58
86
55
9
13
157
43
5
0
194
15
5
105
97
20
10
62
4
7
5
0
0
0
0
67
5
7
1
92
79
35
12
15
212
29
10
0
218
7
19
55
78
5
24
35
0
3
4
0
0
0
0
76
1
3
2
88
102
26
10
12
214
19
7
0
209
4
11
3
87
1
5
3
0
1
0
0
0
0
0
65
7
0
8
91
87
18
16
14
218
17
3
0
234
2
0
0
181
6
3
0
115
25
12
46
91
14
63
19
79
0
34
59
97
14
46
18
116
12
40
19
115
4
28
27
98
7
28
36
83
10
33
162
43
25
72
3
170
0
73
17
86
3
54
20
67
5
60
40
71
6
43
51
52
4
39
48
26
17
41
161
76
147
18
