9
5
0
2
119
49
37
31
75
121
26
16
0
146
6
0
12
118
9
13
32
40
0
16
11
0
0
1
1
1
0
2
77
15
3
21
71
109
18
18
7
172
33
4
46
92
19
19
98
21
17
26
20
0
3
3
0
0
0
0
70
3
0
7
73
88
32
15
11
179
47
9
30
112
45
13
42
21
45
2
9
0
3
2
0
0
0
0
67
0
0
5
64
85
21
18
7
189
43
9
0
110
25
3
0
40
12
0
0
34
0
6
0
0
0
0
40
0
6
12
61
60
24
33
13
152
42
7
0
140
36
0
0
146
13
1
56
151
0
69
46
18
0
16
33
0
3
12
85
23
15
33
51
76
24
25
12
74
16
38
12
58
15
37
183
59
11
57
115
122
0
111
22
12
0
14
78
25
0
65
80
42
0
60
10
33
9
42
7
35
8
32
210
111
122
17
