2
3
7
0
15
16
42
1
47
78
98
3
22
97
67
0
9
137
39
3
45
88
22
21
22
2
4
6
56
49
9
28
28
79
47
10
3
140
55
2
0
165
73
0
29
132
61
10
116
32
45
7
29
0
5
0
99
45
4
40
46
135
50
17
3
161
74
0
2
178
68
0
17
128
64
1
48
25
52
1
11
0
1
0
118
16
4
4
94
93
35
4
6
172
76
0
5
171
76
0
20
118
50
0
0
38
14
0
0
34
0
6
97
15
14
10
65
126
53
12
6
198
64
0
3
179
68
0
3
140
45
0
0
141
18
1
62
134
0
62
51
63
22
26
31
126
47
22
9
140
35
18
22
92
27
21
19
67
17
23
22
57
9
26
200
28
12
36
125
60
23
62
31
21
2
26
43
35
0
70
70
22
0
50
56
24
1
45
26
56
25
67
210
140
131
33
