13
36
0
3
1
63
29
3
13
110
91
6
32
208
90
4
18
159
37
0
12
112
10
24
18
19
2
23
62
29
3
14
24
100
41
9
3
165
31
3
3
213
21
3
0
200
34
0
23
129
19
23
91
17
3
27
76
1
3
8
38
66
19
9
0
159
31
2
0
183
16
1
0
170
24
0
19
109
18
8
125
9
3
5
66
0
0
6
49
38
7
8
8
72
13
5
20
130
22
14
2
184
15
1
15
124
21
8
99
27
16
4
34
38
8
8
30
64
7
7
5
74
6
3
7
99
13
5
2
126
3
1
11
139
19
7
90
173
22
35
43
79
8
70
14
81
15
42
28
65
7
28
60
65
15
18
44
85
9
20
18
69
4
13
209
63
4
24
33
63
3
69
18
56
5
53
32
39
1
34
55
1
11
21
89
44
5
48
57
148
4
65
190
185
102
25
