1
0
1
0
20
30
29
5
32
121
102
11
33
138
72
11
16
80
4
12
15
16
0
5
0
0
0
0
15
1
1
5
45
44
15
26
39
117
56
12
2
205
41
2
70
134
18
22
68
15
5
6
0
0
0
0
24
1
0
7
66
30
13
39
26
121
64
9
3
201
47
1
70
122
34
6
59
4
18
1
0
0
0
0
19
0
1
2
100
10
14
12
63
95
39
7
2
189
48
1
20
143
32
1
14
31
13
2
0
28
0
4
16
0
1
1
74
27
6
15
24
83
23
10
0
125
24
3
6
169
19
2
3
132
9
12
35
123
2
60
37
10
22
1
6
53
0
19
4
101
5
18
12
94
7
17
11
80
4
23
28
66
0
24
137
47
45
43
116
58
56
0
0
38
0
18
12
88
0
30
14
56
0
20
13
40
0
29
22
106
14
44
154
99
117
14
