2
9
7
0
9
49
56
4
5
154
123
4
8
180
116
0
45
93
47
17
43
13
12
10
0
0
0
0
2
11
7
0
60
58
37
17
36
136
70
12
8
178
68
2
86
99
54
11
61
9
17
5
0
0
0
0
0
0
0
0
84
10
7
15
69
117
48
16
11
167
63
5
72
64
50
8
25
0
9
0
0
0
0
0
0
0
0
0
90
11
9
6
80
111
47
10
3
176
66
3
14
137
47
6
5
76
15
0
10
104
4
2
0
0
0
0
76
17
14
11
53
144
49
16
0
177
81
0
1
150
67
0
1
140
21
0
120
165
29
10
10
77
5
26
31
75
2
24
23
106
20
19
15
114
30
27
10
52
13
23
23
35
5
23
192
18
46
4
12
102
9
41
10
63
0
15
10
33
0
11
15
35
0
26
8
67
6
45
35
132
61
50
119
72
103
6
