0
0
0
0
27
9
30
6
59
82
115
6
28
103
69
0
13
101
28
6
41
44
14
17
12
1
1
2
0
0
0
0
59
9
17
15
42
72
52
18
9
151
64
2
27
144
69
10
99
48
28
13
27
1
2
2
0
0
0
0
66
0
0
6
93
63
25
13
23
156
73
2
21
176
69
4
73
71
29
5
18
7
3
0
0
0
0
0
72
0
0
0
127
59
8
4
28
158
64
2
4
168
64
0
19
143
30
0
9
48
9
4
0
0
0
0
62
6
0
6
82
88
21
17
15
188
65
4
0
185
43
0
2
153
31
0
94
126
31
15
2
76
0
30
23
56
0
9
31
136
11
20
8
129
27
14
0
121
15
20
0
55
8
1
190
19
31
2
8
126
3
45
10
63
4
5
18
106
0
8
4
44
0
12
0
45
0
15
24
61
13
24
182
84
86
18
