10
5
34
1
23
44
150
1
29
78
111
0
8
81
51
0
43
103
52
6
76
36
14
4
0
0
0
0
30
47
34
5
32
88
56
18
28
136
72
6
5
158
79
0
95
75
57
3
97
4
26
3
0
0
0
0
4
31
0
3
74
29
4
21
68
102
29
13
10
185
44
1
42
130
76
0
41
39
34
0
0
3
1
0
0
0
0
0
79
1
13
7
101
60
31
6
7
162
50
1
0
167
71
0
0
123
67
0
78
109
44
17
0
0
0
0
87
21
2
6
87
102
25
10
2
166
68
0
0
124
63
1
0
86
53
1
191
53
33
33
20
52
0
24
17
57
0
34
20
88
16
30
14
91
24
33
4
40
13
29
0
66
3
57
179
48
50
29
241
68
21
32
0
48
0
52
16
50
0
48
15
36
2
57
9
79
18
46
2
167
66
27
64
145
131
18
