3
0
9
0
10
18
50
0
12
63
59
6
29
66
67
28
12
90
35
25
32
40
17
39
12
0
3
3
19
0
10
7
35
3
28
12
3
24
13
2
1
41
18
2
21
33
25
11
58
14
31
13
13
0
4
3
27
0
1
4
80
20
7
9
10
119
24
11
2
92
37
3
11
18
32
3
36
24
28
14
3
5
2
8
41
0
3
0
79
42
17
12
14
135
25
18
4
68
22
4
0
79
33
4
4
115
25
18
6
31
5
14
40
0
1
5
89
35
8
20
20
119
22
9
0
136
46
0
0
141
41
0
0
168
9
1
25
90
1
68
21
18
6
13
34
52
0
30
11
142
19
18
3
113
30
10
11
111
20
30
9
84
6
25
129
30
24
53
157
57
68
46
19
76
0
65
22
107
1
98
27
84
1
66
32
57
0
53
33
127
16
86
120
80
124
16
