3
11
16
0
12
46
47
5
8
123
83
8
4
198
112
6
16
144
55
13
30
64
2
4
20
4
0
0
20
39
22
3
66
62
28
32
26
134
29
21
8
205
42
1
12
183
24
5
84
65
11
12
50
5
1
6
8
11
0
3
77
35
2
20
28
142
35
17
2
200
30
0
1
198
25
0
54
100
40
26
36
6
9
19
0
0
0
0
82
11
3
6
39
115
27
13
0
195
27
0
6
200
30
2
21
103
24
22
6
5
10
11
0
0
0
0
67
9
2
16
26
100
11
17
0
222
18
2
6
210
12
2
15
145
7
3
8
77
0
29
8
16
10
20
23
27
0
30
22
108
4
32
13
155
8
18
10
165
0
17
12
167
0
15
126
105
0
63
24
104
13
167
43
73
0
72
58
59
0
67
54
36
0
56
32
36
0
40
21
164
0
49
208
200
76
40
