28
21
4
5
28
83
46
5
4
159
81
0
23
156
91
0
18
127
19
0
7
105
4
4
27
39
3
3
73
10
3
10
113
32
12
15
32
126
20
2
0
194
46
0
4
193
38
5
46
132
45
11
61
32
34
3
82
0
1
1
140
8
6
6
40
151
15
2
0
231
43
0
10
191
51
4
48
66
70
4
18
3
17
0
56
4
16
10
95
23
30
8
18
132
22
0
0
221
37
0
2
226
30
0
4
174
16
0
12
114
0
0
11
4
9
10
29
60
19
8
12
168
34
0
0
217
27
0
0
206
20
0
0
197
10
13
19
102
0
37
14
110
0
30
12
100
1
21
14
172
15
21
12
146
12
16
14
138
8
20
10
103
8
39
78
29
0
101
17
117
0
42
12
61
0
23
16
68
0
18
24
77
0
31
23
171
6
86
14
266
51
55
114
172
116
26
