3
0
1
0
4
30
7
1
25
65
54
2
15
143
119
1
8
174
108
0
34
94
45
11
40
28
4
14
3
0
1
0
33
55
9
9
57
73
31
23
24
174
45
7
0
221
61
0
54
121
40
9
76
4
15
5
0
0
0
0
51
0
0
5
73
18
11
14
9
144
53
12
6
242
51
3
46
115
74
21
31
13
28
6
0
0
0
0
49
0
4
3
76
13
13
10
14
141
42
11
6
213
62
3
44
157
62
19
24
82
23
33
0
8
6
4
24
8
6
10
38
54
22
18
14
150
30
10
2
135
56
3
13
122
31
8
107
64
9
62
75
30
27
46
17
46
14
57
18
100
8
66
19
73
8
50
20
84
3
47
6
38
0
30
197
16
0
23
200
86
95
23
16
50
15
61
14
97
0
55
13
69
0
44
10
53
0
25
10
125
0
37
164
225
35
26
