7
0
0
1
20
27
16
3
20
60
66
6
47
126
103
2
36
112
25
9
12
22
3
25
6
0
2
2
7
0
0
1
79
28
13
14
50
77
46
31
0
167
47
8
23
127
22
14
58
13
14
13
6
0
2
2
0
0
0
0
84
8
2
6
45
116
27
14
7
190
52
7
21
133
48
6
47
55
12
0
4
35
5
10
9
0
1
0
76
1
7
2
39
77
16
10
8
177
40
7
10
167
32
9
5
121
11
5
22
172
14
36
14
0
1
1
55
24
4
9
6
100
9
7
1
194
27
4
2
197
18
3
7
113
15
7
104
128
2
42
56
23
2
25
50
50
0
20
23
100
2
17
29
108
9
26
21
92
6
29
17
84
3
30
201
33
28
12
71
81
12
28
33
31
0
10
22
23
0
13
29
40
0
15
30
81
0
79
18
188
39
97
121
106
139
10
