4
85
23
2
35
74
87
8
48
119
119
4
10
125
27
2
26
100
12
16
30
17
2
7
0
0
0
0
33
159
42
4
91
89
34
16
16
157
46
9
0
167
55
2
66
122
53
21
75
21
14
12
0
0
0
0
56
0
0
0
122
55
14
15
20
170
38
10
0
176
64
0
57
117
72
8
40
13
20
5
0
0
0
0
41
0
2
3
104
51
21
20
19
143
34
8
0
191
39
0
3
156
47
0
9
75
16
0
2
0
0
0
26
0
3
7
96
46
24
18
17
144
37
4
0
156
36
0
0
191
39
0
4
161
33
0
50
156
16
22
12
31
0
19
62
52
12
28
19
122
32
15
7
115
24
12
9
100
26
11
5
85
17
13
149
87
67
21
14
109
13
72
43
69
21
59
46
20
8
84
45
25
8
68
17
44
2
53
61
43
30
56
131
47
140
22
