0
4
0
0
15
35
33
3
31
114
105
10
13
119
76
20
6
79
29
6
26
86
19
13
23
10
6
9
37
9
0
4
48
49
29
18
13
51
26
8
7
67
15
5
29
112
50
13
82
69
62
11
42
7
17
4
57
1
3
7
63
27
15
11
2
55
24
3
7
106
15
6
21
155
36
10
36
87
37
2
19
15
10
6
63
0
5
0
66
53
26
21
5
140
34
9
0
152
24
0
0
165
19
0
0
177
12
1
20
112
7
15
70
8
0
0
91
82
12
11
10
172
24
8
0
180
30
0
0
177
15
0
0
157
19
0
63
156
12
25
34
37
0
5
34
111
3
12
7
164
24
13
1
141
21
13
11
132
6
19
10
102
8
24
193
34
16
21
10
197
0
59
0
83
0
33
0
115
0
47
2
96
7
29
13
34
3
24
14
102
16
54
206
95
111
24
