7
2
5
0
20
10
52
0
62
80
86
12
60
150
79
13
55
110
56
19
57
20
5
10
0
0
0
0
28
18
12
4
38
46
44
12
16
96
58
18
11
96
63
14
70
43
34
5
53
0
10
1
0
0
0
0
45
12
2
9
56
36
25
21
8
65
49
8
1
78
35
4
41
77
26
12
37
25
12
0
0
0
0
0
55
0
0
1
78
16
16
6
5
105
49
5
0
127
49
2
7
124
59
2
18
89
40
1
22
63
11
30
51
0
4
1
70
32
29
5
7
124
49
4
0
149
49
0
0
113
64
1
0
108
42
2
125
65
13
57
32
21
17
10
49
76
25
16
27
122
40
11
18
103
27
24
13
68
26
33
15
29
10
22
208
1
9
8
43
122
119
8
23
34
19
12
44
55
25
14
19
27
8
32
14
38
1
41
13
88
5
44
152
98
119
31
