0
0
0
0
4
3
3
0
12
15
49
0
49
96
112
13
47
145
79
15
48
126
33
15
49
22
5
10
0
0
0
0
28
37
21
10
29
109
60
8
4
134
77
1
9
146
71
4
73
61
45
9
47
2
13
2
0
0
0
0
73
29
14
24
64
131
42
19
5
156
67
0
14
132
67
13
63
40
56
13
15
0
7
0
0
0
0
0
91
6
2
9
125
86
32
11
6
192
64
0
15
173
62
18
21
78
37
20
5
39
3
1
0
0
0
0
77
1
9
11
84
78
57
17
0
169
59
2
1
182
43
0
3
149
37
1
107
157
30
6
44
20
0
18
53
23
7
11
57
74
46
25
15
118
44
13
18
131
21
34
6
99
14
27
203
47
46
6
270
44
73
21
129
33
11
21
51
25
5
17
85
30
2
41
34
33
0
33
8
106
3
65
80
122
79
23
