21
34
31
4
5
131
88
4
16
205
111
0
40
144
51
1
28
36
6
8
13
0
0
1
0
0
0
0
80
39
25
22
19
138
64
13
0
171
81
0
18
118
70
4
86
16
16
4
24
0
1
1
0
0
0
0
74
11
3
28
42
62
50
20
12
118
95
5
34
86
62
8
80
32
34
8
12
82
39
5
17
116
24
35
46
0
0
16
77
42
45
24
14
117
77
6
26
72
62
6
36
75
65
8
7
138
47
12
37
131
29
41
40
4
0
4
69
59
25
13
18
118
60
2
20
125
71
0
18
106
74
0
23
87
26
28
65
26
0
53
16
77
38
5
16
163
42
3
11
146
56
3
17
122
43
4
33
56
31
18
56
13
22
35
117
0
36
35
3
227
39
45
16
123
20
15
19
167
10
26
18
126
16
12
36
49
18
15
79
67
113
11
63
14
91
0
