16
8
18
0
29
46
97
8
16
152
119
7
32
147
42
7
46
48
13
3
0
0
0
0
0
0
0
0
14
8
6
0
68
22
15
19
31
118
47
14
65
117
61
15
83
2
21
6
0
0
0
0
0
0
0
0
0
0
0
0
69
4
15
8
57
105
46
14
33
172
52
3
44
74
29
3
2
9
3
0
4
31
5
0
0
0
0
0
89
3
8
4
56
91
46
9
0
176
66
0
4
140
58
0
2
115
41
0
105
144
21
10
0
136
38
0
42
78
40
2
33
102
39
8
0
126
38
0
6
88
43
5
8
73
22
19
204
38
24
14
10
176
96
0
24
104
35
11
5
55
10
20
8
50
4
34
21
38
0
41
37
48
0
59
165
36
33
30
61
118
109
0
22
36
20
18
6
84
5
39
7
46
7
22
18
22
0
46
51
75
7
109
130
73
83
34
