0
0
0
0
20
2
8
0
38
56
63
3
25
134
103
2
13
80
55
0
33
59
12
0
25
8
3
0
0
0
0
0
52
0
16
0
49
30
35
2
3
107
38
2
6
105
40
5
68
18
33
5
31
0
3
0
0
0
0
0
70
2
16
2
44
80
47
5
3
156
49
0
8
133
63
8
37
46
48
11
14
0
0
0
14
0
2
0
69
8
18
3
22
113
24
9
0
177
39
0
2
147
70
5
16
88
43
11
22
51
11
22
29
0
7
0
77
22
26
5
18
143
36
7
0
186
46
0
0
150
46
0
0
107
45
6
98
59
12
63
27
27
8
6
40
60
36
14
14
100
23
21
9
84
21
16
1
75
12
22
4
59
6
35
178
38
19
25
52
160
3
93
33
95
3
55
52
79
0
57
30
61
0
43
3
38
0
23
24
40
14
26
207
58
104
3
