4
0
0
0
17
11
28
0
32
66
112
8
21
103
76
12
4
81
18
3
13
123
23
7
58
60
5
23
15
0
3
2
57
8
29
6
13
52
27
8
2
107
23
2
0
136
21
3
31
172
25
24
161
46
16
27
24
0
6
2
80
11
19
12
30
97
20
13
2
128
22
2
2
140
17
1
16
120
32
10
106
34
36
10
44
0
4
0
84
29
20
11
15
145
41
11
4
161
19
10
11
196
17
14
14
133
17
6
14
26
18
4
56
0
0
0
108
38
16
18
15
140
36
17
0
159
18
3
5
178
20
3
11
153
16
4
26
117
0
19
30
5
0
3
49
63
10
18
15
134
17
20
12
152
11
21
15
143
21
21
17
124
14
13
127
104
24
23
33
133
13
135
21
102
11
66
27
82
3
58
25
22
0
57
28
77
9
34
36
179
22
27
147
103
103
5
