3
0
3
0
3
12
27
0
0
50
76
2
5
132
125
8
11
122
57
12
15
51
3
15
14
2
0
4
17
0
3
2
56
15
35
6
11
112
41
4
4
184
38
6
11
134
57
14
66
41
12
13
45
2
1
4
18
0
0
2
78
15
11
20
25
161
34
12
1
230
43
2
14
170
43
7
61
55
23
5
26
2
4
0
10
0
0
0
82
17
13
12
37
143
27
13
0
216
28
0
5
185
24
0
9
75
14
0
0
25
3
2
20
0
2
0
87
19
21
7
36
133
33
8
0
218
28
0
0
210
36
0
0
149
30
1
53
114
10
33
24
17
2
13
59
65
18
22
16
140
36
10
2
156
21
7
2
142
22
12
11
75
23
3
137
35
49
19
17
180
0
103
10
131
11
38
4
125
24
13
6
56
11
9
16
124
9
55
27
152
53
36
93
46
117
0
