16
12
12
2
14
75
56
7
7
185
93
7
8
187
105
12
16
129
38
15
30
51
3
20
11
0
0
3
57
7
7
9
53
67
34
18
10
192
49
9
0
215
41
0
49
148
20
7
125
16
9
14
25
0
2
3
62
0
9
1
50
61
18
9
4
188
31
5
0
199
39
0
40
166
26
4
97
35
26
4
15
0
3
0
75
0
15
0
23
68
23
8
2
191
32
9
0
203
33
0
12
190
35
5
35
86
24
5
7
37
9
5
75
11
6
16
13
99
30
24
2
202
19
11
0
201
27
0
6
186
34
0
8
136
42
0
110
129
36
19
18
50
7
27
8
118
3
35
6
164
5
15
9
158
15
14
0
125
26
13
6
109
30
17
207
44
34
9
32
148
30
46
33
81
8
34
44
63
10
37
23
51
6
22
0
93
8
41
4
179
22
57
215
136
113
16
