6
6
12
0
11
31
52
2
26
90
122
6
26
112
82
0
27
93
12
4
32
19
3
2
0
0
0
0
23
12
17
16
28
24
25
19
10
58
23
7
10
168
32
10
52
104
52
10
50
13
21
2
0
0
0
0
27
2
0
9
75
21
8
16
5
128
28
7
8
203
28
5
43
121
52
6
17
39
18
4
4
9
1
4
32
0
0
0
90
17
7
4
10
156
21
7
3
203
42
0
5
151
38
0
9
113
10
6
6
20
4
4
32
0
0
0
109
22
15
12
20
101
34
13
0
156
36
0
0
157
14
3
0
146
5
7
28
139
7
24
33
38
0
19
57
67
9
17
19
121
36
22
7
104
26
9
15
113
4
42
8
115
2
37
144
109
31
26
74
73
15
124
59
57
7
63
51
57
1
61
14
36
15
55
18
40
10
52
73
124
27
86
246
116
98
12
