0
0
0
0
16
1
24
3
56
68
136
6
22
138
91
1
37
106
23
6
40
29
3
2
0
0
0
0
0
0
0
0
63
2
14
11
63
130
42
17
1
218
52
1
76
102
61
11
78
2
8
4
0
0
0
0
0
0
0
0
78
1
6
5
67
97
32
18
0
196
47
1
33
132
45
4
36
24
17
5
2
0
1
1
0
0
0
0
76
0
3
3
73
67
34
16
1
152
41
2
0
157
52
1
8
114
39
11
8
80
4
18
0
0
0
0
64
7
8
3
65
84
43
12
4
194
53
3
0
161
47
0
2
119
37
6
81
104
23
46
0
33
11
36
19
41
10
16
22
89
32
19
8
128
17
23
8
82
10
24
27
27
13
17
149
1
58
12
15
67
21
127
19
62
14
53
6
57
10
31
4
59
1
24
17
44
0
27
53
80
18
51
160
70
69
21
