4
0
0
0
6
17
13
2
0
65
59
4
38
140
95
9
32
118
36
14
15
33
6
6
9
1
0
2
4
0
0
0
37
21
17
19
19
48
29
10
4
92
26
6
2
76
12
4
63
32
12
5
23
1
2
2
2
0
0
0
63
0
12
5
32
47
19
12
15
118
37
12
9
109
26
10
43
45
20
4
15
2
3
2
2
0
0
0
62
2
12
12
31
83
42
12
9
170
44
5
7
145
23
7
3
125
7
15
1
10
1
6
0
0
0
0
66
33
13
4
32
149
27
10
0
180
19
9
0
169
4
1
0
148
13
3
47
125
4
24
74
32
15
1
30
57
6
3
33
105
10
6
19
120
6
5
14
123
1
24
12
106
7
27
171
58
6
41
196
50
42
26
99
32
0
9
91
28
5
22
90
24
4
24
17
32
4
37
36
164
23
53
206
196
68
34
