0
0
0
0
20
21
7
0
22
67
65
4
34
194
88
10
16
180
17
7
9
51
0
12
8
2
0
6
0
0
0
0
67
11
13
7
33
81
51
11
3
209
36
4
11
213
20
20
60
66
15
29
27
2
5
6
0
0
0
0
85
3
5
9
60
83
38
11
0
160
34
0
19
139
18
14
93
34
13
24
22
0
3
9
0
0
0
0
92
2
3
3
51
65
11
7
0
122
24
0
6
154
18
0
35
119
27
21
41
69
21
27
0
0
0
0
65
16
15
6
37
127
24
12
2
188
37
7
4
194
23
13
15
172
14
5
102
106
16
52
47
71
3
51
24
61
21
46
31
128
23
50
17
88
10
47
44
59
3
66
37
44
0
33
161
18
34
27
122
58
2
78
60
57
7
30
56
92
4
36
33
59
0
48
32
80
5
33
60
193
16
41
168
95
118
7
