12
1
5
2
28
38
46
4
53
94
97
12
35
116
63
6
0
92
3
3
20
68
0
0
24
12
0
0
29
1
5
3
107
11
19
23
75
36
29
38
13
74
28
19
3
84
27
12
38
35
7
12
59
12
2
11
31
0
0
1
130
7
3
6
104
33
13
20
37
54
38
21
4
48
37
9
23
26
23
10
56
9
20
5
30
0
2
0
129
20
17
4
93
85
29
5
15
101
37
3
21
98
46
17
10
94
47
31
21
71
23
23
18
16
2
2
85
48
8
13
29
143
27
7
6
144
43
1
9
105
38
8
0
118
11
19
138
114
12
44
22
114
0
70
18
82
8
50
8
115
9
46
12
45
6
27
16
63
2
35
22
50
0
46
182
41
14
41
12
51
0
51
11
44
1
30
10
51
1
42
17
23
0
30
12
82
0
40
20
182
0
88
193
167
58
72
