8
141
50
7
7
145
82
16
23
189
76
2
21
135
20
2
18
72
11
11
18
9
1
8
0
0
0
0
25
120
20
11
51
69
11
29
18
155
42
7
8
208
36
4
58
102
30
20
39
6
15
12
0
0
0
0
28
5
2
1
88
20
10
6
15
151
29
9
5
221
40
2
46
124
52
6
26
49
13
0
4
16
0
0
29
13
2
0
61
46
22
1
27
127
25
1
0
220
36
0
0
168
54
0
8
172
24
0
28
126
8
4
8
19
3
0
14
31
9
0
8
80
20
6
2
147
45
6
2
158
50
2
0
147
41
2
140
156
32
10
42
33
29
0
40
54
26
10
19
67
12
38
23
118
24
39
36
90
20
42
21
35
13
31
154
14
78
0
138
109
97
0
39
29
32
18
43
79
8
74
48
90
5
53
38
120
16
54
27
168
79
32
84
51
125
0
