38
6
31
1
117
78
68
5
41
70
36
1
0
79
34
1
14
127
66
7
55
62
62
13
23
6
9
6
75
7
9
1
37
64
29
6
6
100
46
2
0
120
41
1
37
91
49
9
62
24
21
9
0
0
2
0
80
5
7
2
42
81
55
12
6
168
58
2
5
156
62
5
26
84
39
11
39
41
25
17
0
0
0
0
93
14
16
5
26
86
56
8
7
147
69
1
4
137
52
3
7
123
49
5
13
109
30
4
30
121
8
17
102
42
11
7
21
132
56
7
0
160
46
0
0
139
39
0
0
110
44
0
6
122
27
1
141
99
23
19
69
84
5
30
33
107
24
14
14
125
22
19
21
110
26
25
13
41
26
16
43
45
52
2
158
64
32
16
137
91
0
62
38
38
0
20
16
101
19
26
22
79
18
41
20
106
38
38
47
87
96
18
165
86
91
18
