0
0
0
0
56
32
49
13
49
70
96
29
10
45
51
14
12
80
51
5
26
34
12
8
0
0
0
0
0
0
0
0
91
3
4
16
50
62
36
22
9
129
109
1
33
127
115
9
78
40
27
11
0
0
0
0
0
0
0
0
74
15
6
13
47
90
41
10
16
142
94
2
27
116
94
3
31
35
31
3
0
15
1
2
2
0
2
0
104
17
23
4
63
123
39
11
7
129
64
0
8
130
62
0
9
67
50
0
61
104
39
24
8
2
2
0
94
13
35
0
68
91
63
0
6
150
92
0
3
143
74
0
3
77
76
0
189
50
33
20
16
31
0
19
28
44
18
12
22
124
57
11
6
118
50
8
3
78
28
15
6
37
13
8
223
0
17
0
25
131
10
98
18
78
18
34
8
47
8
15
7
37
6
12
3
21
4
10
9
61
19
45
196
85
115
36
