0
0
0
0
6
9
19
0
5
48
79
0
8
122
95
23
10
196
43
17
38
133
18
3
30
14
4
0
0
0
0
0
37
9
20
24
29
69
39
29
0
111
36
1
0
136
44
4
64
89
29
6
48
1
7
0
0
0
0
0
46
0
0
16
62
28
12
22
1
69
30
2
0
134
44
4
28
92
41
9
24
2
3
3
0
0
0
0
46
0
10
0
60
59
39
6
4
166
58
6
0
186
40
0
12
117
23
10
8
35
3
6
0
0
0
0
38
4
10
14
28
67
27
18
2
177
37
4
2
183
17
4
0
163
16
5
56
117
4
59
33
43
0
76
19
38
0
55
16
49
10
37
24
65
13
56
34
81
5
70
12
58
3
41
158
14
1
75
35
62
16
129
20
48
24
86
18
37
20
57
17
12
2
71
40
40
0
82
42
39
0
53
195
155
83
57
