12
3
10
1
124
36
71
3
86
60
71
1
10
102
82
0
26
157
60
15
102
77
4
37
28
0
0
0
51
3
16
8
67
74
57
14
6
126
88
2
3
108
101
0
38
43
61
2
151
2
13
2
32
0
0
0
69
0
3
12
81
81
26
22
0
138
86
2
0
116
112
0
15
54
89
6
69
25
25
9
18
0
0
0
67
0
2
5
100
65
29
12
0
123
86
1
6
120
90
0
25
66
54
3
7
45
29
3
9
85
18
50
65
0
8
1
106
51
56
7
0
122
89
1
3
119
78
0
5
92
79
0
14
81
65
0
133
80
19
74
59
5
8
8
68
80
53
21
0
123
70
3
8
104
54
0
8
54
42
0
2
36
13
7
230
23
6
9
115
68
51
32
33
51
18
14
38
59
29
12
43
3
28
2
47
0
25
0
0
62
2
20
219
139
109
45
