13
6
6
5
21
64
34
13
20
102
79
9
32
187
106
5
18
157
29
0
36
92
3
9
28
5
0
5
42
6
6
8
78
65
28
31
19
153
30
22
3
200
16
17
6
215
6
1
80
110
26
22
46
6
9
11
55
0
0
1
89
40
6
13
13
169
6
16
0
226
2
8
6
219
16
1
79
95
21
9
42
3
7
4
56
0
0
0
120
22
20
10
36
139
19
18
0
197
11
0
0
199
19
0
18
178
15
7
54
98
3
11
48
3
0
1
115
36
10
27
31
174
9
24
0
224
10
0
0
214
24
0
0
210
23
1
69
192
5
34
48
77
0
27
26
111
0
35
8
157
0
27
18
168
6
22
14
118
13
39
5
110
2
29
179
94
2
23
43
122
0
79
22
80
0
44
4
109
10
49
21
80
11
44
16
51
0
57
32
76
17
101
294
170
54
48
