10
0
6
0
10
17
57
0
10
72
77
5
36
151
76
11
20
190
35
5
67
93
10
14
30
4
3
5
42
0
6
0
64
34
30
6
18
78
67
9
11
125
58
4
30
130
47
7
94
30
25
7
23
0
5
0
43
0
0
3
70
51
11
16
8
89
37
14
4
141
61
6
30
142
50
8
71
35
26
8
6
0
2
0
30
0
0
2
78
19
4
5
1
70
40
5
1
195
50
2
33
176
24
3
25
59
5
3
0
20
0
4
27
1
0
2
74
17
3
4
0
109
35
4
0
160
40
0
8
180
10
0
8
157
0
3
31
77
0
62
42
36
8
44
40
64
3
25
9
94
15
14
4
105
22
21
0
94
20
20
4
103
18
21
150
41
11
62
42
28
15
51
29
66
4
19
19
49
11
15
6
48
10
46
0
110
39
33
4
205
27
50
241
208
58
19
