0
2
2
0
12
6
25
1
35
67
90
24
39
92
53
34
8
55
19
6
11
41
4
10
10
3
0
7
11
16
8
13
16
29
44
13
15
55
39
5
4
72
27
3
6
83
30
15
36
37
32
13
19
3
9
7
14
5
3
22
29
5
6
44
20
4
8
12
0
8
2
4
12
33
33
16
16
26
47
7
4
0
6
0
1
0
0
5
46
0
1
33
27
26
8
21
0
14
3
3
15
52
25
14
22
104
32
14
8
69
3
34
0
0
0
0
38
0
6
18
40
6
24
22
4
54
29
1
5
91
26
6
5
113
24
6
123
80
4
53
7
67
13
13
23
52
36
19
31
73
52
26
8
117
52
3
0
121
13
22
13
47
2
28
200
1
17
8
44
160
18
62
41
95
30
14
3
91
18
6
2
86
13
3
0
109
11
10
19
175
57
25
124
66
151
3
