0
6
10
0
6
36
48
0
23
106
82
5
39
166
63
24
40
45
18
33
11
1
3
3
0
0
0
0
14
20
26
12
13
72
53
18
5
119
33
5
24
107
34
13
93
29
21
13
25
1
5
3
0
0
0
0
6
16
2
12
37
59
15
29
14
76
32
8
12
130
28
12
48
87
22
5
16
63
21
0
14
55
11
0
1
0
3
0
15
47
20
10
13
84
48
3
0
106
38
0
8
116
42
0
6
126
42
0
14
115
23
8
2
0
3
3
8
64
21
21
0
115
52
3
6
123
45
0
13
132
45
0
4
120
44
0
80
118
12
34
1
54
0
15
1
125
26
12
0
143
48
3
12
127
35
10
10
89
29
10
4
52
24
0
165
41
45
9
15
142
0
155
12
106
9
91
20
76
15
27
18
25
10
27
15
15
12
22
14
22
20
0
59
55
118
0
