8
20
40
0
6
45
67
0
32
92
80
26
13
125
50
16
11
126
29
10
42
49
13
22
13
2
2
3
37
39
32
26
14
40
22
10
1
137
30
10
1
138
33
10
27
51
48
12
57
10
37
4
13
0
2
1
58
9
2
15
50
52
15
15
4
144
39
19
0
80
38
14
5
48
49
2
8
12
22
0
0
0
0
0
59
0
13
0
47
42
15
6
2
149
22
5
0
114
36
0
15
82
30
5
10
47
7
4
8
70
2
0
41
36
37
12
17
49
8
4
0
67
7
2
0
76
16
0
6
108
17
7
6
138
11
7
105
138
2
9
15
98
15
24
6
98
9
13
6
116
17
13
0
102
23
11
0
100
21
9
3
76
7
18
216
37
0
19
20
192
4
76
19
110
25
28
10
113
11
24
0
130
20
20
0
133
13
20
31
138
30
45
239
184
65
18
