0
0
0
0
6
0
14
0
39
44
92
3
61
111
106
2
14
121
30
3
40
60
7
7
14
0
0
0
0
0
0
0
31
9
25
5
42
66
48
12
5
167
53
5
12
165
46
7
106
65
27
12
30
0
0
0
0
0
0
0
48
6
2
4
86
75
16
15
8
196
34
6
20
165
63
10
100
41
35
14
27
0
1
0
0
0
0
0
56
0
0
0
95
54
19
8
10
167
35
6
11
166
47
6
37
75
43
19
11
1
4
4
0
0
0
0
56
0
0
0
102
59
25
10
12
189
39
6
0
190
36
0
0
159
35
8
40
174
10
24
3
12
0
11
31
16
0
7
50
89
14
21
8
136
27
17
0
118
19
19
0
94
14
14
160
127
9
14
34
109
21
84
20
58
4
78
9
62
6
81
6
53
1
74
0
56
6
44
18
57
11
50
215
142
42
53
