11
0
3
0
47
12
54
5
50
99
85
22
15
142
48
3
21
112
27
12
39
35
10
20
0
0
0
0
27
0
3
0
84
4
19
5
13
71
53
7
0
138
45
3
41
94
35
10
73
5
17
5
0
0
0
0
32
0
0
0
88
7
11
4
9
62
31
6
6
109
39
4
50
94
31
21
44
23
13
12
2
9
0
3
32
0
0
0
80
10
4
2
1
97
33
5
10
150
56
4
36
115
44
13
27
68
11
24
28
90
1
35
29
6
5
0
67
28
18
1
1
75
24
4
7
149
46
6
13
135
35
1
8
74
22
4
140
58
11
29
71
30
33
2
41
61
20
16
37
67
17
21
36
58
7
23
26
67
12
23
23
43
11
21
193
2
25
2
128
69
79
2
51
18
0
29
42
21
0
25
42
25
0
25
23
50
12
41
40
171
27
80
175
100
80
13
