0
0
0
0
25
8
38
1
35
91
149
3
13
149
98
0
6
156
20
8
38
61
8
13
12
0
1
1
0
0
0
0
77
15
21
5
34
118
64
8
0
165
65
0
25
125
56
10
74
20
27
9
12
0
1
1
0
0
0
0
91
19
12
8
47
142
37
10
0
172
62
0
21
137
66
4
27
53
32
4
16
74
18
0
4
2
0
0
92
24
16
8
49
140
48
9
0
195
53
0
0
173
25
0
0
131
31
0
26
171
37
0
7
3
0
2
81
39
19
23
51
131
43
13
0
167
37
0
0
178
16
0
8
145
29
4
32
85
24
25
16
10
18
2
37
44
21
26
31
131
37
13
7
137
29
3
20
137
13
24
50
96
26
12
111
29
45
17
61
68
98
5
41
40
25
16
26
33
29
4
17
31
11
17
30
116
10
94
66
97
95
36
77
17
64
0
