0
0
0
0
13
1
2
0
45
54
37
4
12
182
74
4
2
227
73
18
5
134
34
35
0
24
0
18
0
0
0
0
26
4
4
0
85
31
14
14
11
147
27
17
0
194
23
1
4
159
35
16
6
55
49
38
0
0
0
0
53
6
3
0
61
22
12
13
12
140
24
22
13
165
54
10
16
86
59
7
2
18
33
1
0
0
0
0
65
8
13
2
65
81
17
9
7
175
17
11
17
172
43
12
31
64
26
17
0
0
0
0
4
22
1
1
58
57
18
7
25
141
17
13
0
145
4
3
14
172
30
6
8
158
31
5
35
125
0
24
18
125
1
66
34
84
5
23
17
130
7
18
0
119
8
21
3
118
17
12
3
120
26
3
118
103
45
20
91
85
2
68
107
64
10
51
36
82
6
54
0
134
9
63
9
167
18
30
40
135
31
34
86
94
69
7
