15
9
36
16
33
116
88
21
36
165
54
1
2
144
57
7
30
82
22
46
20
0
2
14
0
0
0
0
25
4
0
11
72
33
7
18
7
127
55
7
18
126
76
10
70
43
32
15
33
0
9
4
0
0
0
0
32
0
0
0
88
16
7
5
10
118
57
9
20
141
72
5
44
51
37
6
10
0
4
0
0
0
0
0
33
0
3
0
87
19
14
6
16
123
45
8
4
153
63
2
13
91
45
7
1
74
25
8
3
56
2
43
45
0
7
0
80
17
17
6
25
100
41
8
0
140
61
1
3
112
66
7
14
89
40
23
97
57
2
78
54
70
6
22
55
34
14
39
22
70
32
38
14
91
35
22
24
62
23
45
27
58
12
55
177
32
14
41
78
166
21
51
46
27
1
28
22
74
1
35
16
34
2
20
24
21
2
27
42
75
16
69
108
85
141
38
