10
1
3
2
22
23
49
2
20
80
92
16
13
166
56
25
7
158
6
13
21
58
3
32
7
1
3
7
25
1
3
5
64
33
25
22
8
132
49
11
0
163
43
4
24
122
20
26
98
28
29
21
20
1
8
7
28
0
2
2
82
31
16
27
7
150
39
22
3
182
39
4
47
85
18
16
70
17
22
7
13
0
3
0
28
0
2
2
87
15
13
13
25
132
31
12
3
177
36
2
12
163
22
13
6
78
5
13
0
28
0
6
26
0
0
2
90
15
4
19
28
118
31
15
0
198
50
0
0
174
47
5
0
142
22
10
38
66
1
71
21
20
0
7
39
37
4
40
16
124
27
41
11
109
34
24
11
116
17
30
6
69
8
17
162
21
5
50
74
90
7
101
24
46
1
75
29
57
8
76
40
35
14
55
22
145
2
49
4
186
14
76
138
93
140
17
