1
0
3
0
1
10
21
0
4
65
67
2
20
156
112
2
19
154
73
0
10
89
12
11
11
22
2
13
19
0
8
3
40
38
53
7
11
110
42
5
4
176
32
2
0
180
35
1
40
141
39
14
54
24
19
13
30
0
3
9
98
19
10
41
50
90
22
14
7
174
35
0
2
181
37
2
63
88
38
5
45
3
18
0
8
0
0
4
105
2
1
32
87
66
18
19
15
178
40
7
14
151
58
13
41
48
43
2
24
32
6
0
0
0
0
0
95
2
2
9
64
111
24
17
5
188
43
6
3
179
51
3
4
127
48
1
53
159
10
34
8
14
0
6
37
30
1
12
29
125
12
18
5
172
15
14
3
127
27
9
6
127
21
4
150
63
40
39
40
97
17
112
18
101
4
37
6
83
1
32
9
73
8
44
9
43
7
19
9
164
0
47
208
182
74
38
