16
4
6
2
19
45
41
3
8
144
103
3
21
167
78
0
11
127
28
0
37
106
32
3
39
25
11
1
37
4
4
7
55
19
9
15
3
143
20
6
0
235
20
1
10
191
26
3
75
70
33
6
66
1
8
1
25
0
3
6
68
15
17
20
24
131
12
7
0
199
8
1
8
176
25
3
54
71
47
6
33
6
9
0
26
0
3
3
81
12
10
17
12
116
21
15
0
191
19
0
3
196
35
2
14
120
47
7
12
25
17
6
32
0
0
0
83
8
4
9
3
110
16
15
0
180
33
1
0
193
33
2
7
160
34
9
26
121
16
27
21
31
12
12
49
53
13
19
8
162
21
15
8
176
25
3
6
137
20
11
1
125
13
9
126
78
15
47
48
95
39
104
21
62
39
74
59
93
24
56
52
73
21
36
93
40
25
36
77
62
34
33
174
162
89
41
