3
3
0
2
11
58
26
15
3
184
73
8
6
237
77
4
15
142
28
11
4
47
0
5
4
13
0
3
3
3
0
2
63
47
9
21
32
137
24
13
0
220
5
1
6
210
2
14
46
104
12
22
38
15
10
3
0
0
0
0
84
0
1
1
39
72
9
10
0
186
16
8
10
205
3
18
53
94
24
21
21
1
11
1
0
0
0
0
80
0
0
0
32
34
6
6
7
130
14
15
7
229
13
9
19
94
4
11
3
1
1
1
0
0
0
0
82
5
1
2
45
50
15
20
3
143
12
18
3
193
18
8
3
131
7
15
2
73
0
19
47
41
7
19
51
41
4
14
27
115
1
27
4
154
8
20
4
143
15
16
4
139
5
20
90
116
13
51
91
108
37
46
31
43
9
29
34
83
0
39
18
102
1
37
4
86
1
41
14
41
20
55
173
71
93
37
