2
18
26
0
0
49
39
0
0
83
59
2
10
171
92
7
25
144
29
10
0
71
0
9
14
19
0
15
47
46
48
11
14
27
18
13
0
97
8
5
0
200
6
2
0
214
4
0
0
147
3
12
84
24
1
15
45
16
5
10
61
22
9
30
4
149
7
12
0
216
8
0
0
226
2
0
12
152
14
8
120
18
8
6
18
0
1
3
68
13
6
19
10
74
5
11
0
104
2
0
0
111
6
9
21
109
30
30
88
16
31
13
7
0
3
2
62
7
13
16
24
87
7
12
0
127
9
0
0
137
6
15
18
155
21
20
28
72
20
20
26
31
4
17
35
47
25
19
20
143
7
12
8
170
2
0
6
167
11
4
2
166
7
13
77
119
3
57
91
87
2
132
36
108
5
65
38
110
3
39
42
87
0
35
65
83
4
50
61
179
29
33
151
179
103
19
