0
7
1
0
23
41
32
12
40
144
70
10
20
161
95
8
0
111
61
8
16
88
67
11
30
69
36
1
0
7
1
0
60
36
19
25
44
97
44
21
4
158
70
2
3
145
74
6
45
44
82
7
20
8
25
1
0
0
0
0
55
1
12
10
43
81
41
15
4
187
72
5
12
136
73
11
24
26
47
3
7
2
3
0
0
0
0
0
73
10
21
8
43
110
42
9
0
160
59
3
3
129
69
5
11
96
33
0
2
39
3
6
2
0
2
2
66
14
28
20
42
97
46
11
0
159
57
0
0
144
70
0
2
133
45
0
97
128
20
25
10
0
6
2
55
13
46
16
26
103
58
13
4
115
51
6
12
102
34
12
21
97
24
30
179
39
63
13
14
147
26
115
40
77
33
48
25
76
22
27
14
106
6
46
10
68
10
24
51
127
81
33
99
65
130
8
