0
6
16
0
2
27
67
2
43
116
113
6
37
143
46
0
0
113
17
0
20
100
10
8
17
30
8
3
24
21
29
20
13
43
49
33
5
137
28
16
0
198
18
0
0
188
27
1
79
120
27
10
67
24
10
5
17
9
0
18
45
23
7
59
21
119
31
25
0
198
18
0
0
206
29
1
64
116
34
16
63
6
18
3
3
0
0
1
82
6
8
14
44
86
31
17
0
162
24
0
0
170
32
0
17
110
36
1
14
6
13
1
17
0
3
0
72
19
27
4
38
135
21
10
0
185
23
0
0
166
38
0
0
104
18
2
0
44
0
8
29
16
5
2
54
80
11
5
8
187
8
5
0
197
23
2
2
197
16
3
2
162
12
6
97
130
0
43
4
180
19
69
4
130
0
14
10
125
0
15
4
82
3
3
4
76
4
4
6
160
1
23
255
182
69
22
