2
8
2
0
2
39
11
0
0
56
50
0
22
104
113
3
43
161
110
2
61
111
52
4
37
24
14
1
42
17
4
9
45
88
35
10
4
110
66
0
0
145
69
4
9
134
74
9
70
45
61
6
32
0
9
1
53
1
2
14
121
34
14
25
24
144
74
2
1
174
93
6
38
133
68
15
49
25
39
5
4
0
2
0
52
0
0
4
117
61
25
13
42
142
80
10
2
188
84
2
26
143
61
4
19
89
39
1
29
143
11
39
52
1
0
3
123
64
25
12
29
172
77
4
3
164
52
1
2
134
43
3
0
100
35
3
156
94
14
44
20
45
6
15
48
50
26
34
16
98
24
34
3
123
14
24
8
111
7
42
9
70
5
30
203
14
39
0
0
161
18
77
16
103
23
30
8
56
12
36
1
83
6
20
10
144
23
29
10
239
25
44
189
160
127
6
