6
13
9
0
5
44
29
0
0
67
50
1
0
145
102
7
0
168
53
11
18
61
9
14
16
6
0
12
33
61
33
5
22
43
25
8
14
60
39
5
6
143
44
3
2
152
34
6
48
38
13
11
49
5
8
8
43
29
10
4
82
21
10
15
61
88
24
13
8
157
64
1
8
94
53
7
44
42
27
1
31
4
9
0
52
0
4
0
84
16
11
5
21
139
25
7
2
168
44
0
0
149
45
0
7
129
36
0
17
57
14
0
49
0
10
11
49
38
24
11
5
137
31
3
0
161
39
0
0
148
40
0
4
157
36
1
22
113
10
31
17
42
2
23
29
104
34
29
0
202
32
2
0
201
31
0
0
163
23
0
0
109
20
1
119
63
12
54
2
194
5
49
2
177
4
29
8
129
5
18
6
175
14
13
8
169
7
0
6
35
5
4
194
39
81
26
