115
28
49
2
101
58
64
15
5
62
35
4
0
132
43
1
28
110
21
19
20
8
1
11
0
0
0
0
109
34
23
30
59
81
32
32
14
135
69
2
0
144
85
1
61
80
41
20
53
0
10
15
2
12
6
4
78
13
1
30
66
74
21
31
13
99
80
2
10
111
87
0
46
97
66
7
38
32
46
6
82
72
63
23
78
0
1
1
84
55
27
8
10
94
85
1
6
71
95
0
21
70
89
2
25
54
114
3
203
37
51
19
72
0
0
0
109
30
21
4
46
75
58
3
0
60
64
0
9
47
57
1
14
16
42
8
243
4
5
6
51
90
37
2
68
77
33
10
30
92
39
11
7
57
25
17
28
23
7
38
49
26
2
41
235
24
0
19
12
143
45
10
39
100
20
81
35
84
8
85
54
53
17
82
51
28
12
55
19
20
0
15
79
39
0
10
