8
14
8
0
9
51
33
3
3
94
77
6
15
198
93
8
19
154
40
11
11
86
0
15
15
22
0
5
40
18
9
13
51
45
20
20
16
131
18
17
0
190
15
9
0
180
17
9
46
115
17
20
71
19
5
5
37
2
0
9
70
15
2
17
15
99
13
13
4
214
16
16
4
206
18
16
52
103
18
15
61
13
8
6
30
0
0
2
91
9
5
5
22
130
10
12
3
225
4
16
4
222
4
18
19
145
4
18
29
33
0
8
26
0
0
2
83
12
3
14
15
126
8
25
0
211
1
6
0
199
0
15
10
135
11
56
27
60
15
32
62
55
0
15
25
40
0
31
10
123
3
22
9
147
7
13
2
147
0
17
14
138
13
29
82
129
30
49
202
70
75
27
37
80
0
77
81
83
1
71
57
65
1
39
21
102
9
92
22
156
46
66
109
97
135
11
