10
6
4
0
10
38
18
0
8
72
79
3
30
134
105
15
16
119
33
10
7
129
7
7
37
85
4
18
38
6
4
4
56
55
21
10
15
111
33
11
8
167
47
6
0
209
37
0
18
165
25
18
111
68
42
25
40
0
3
7
67
44
14
23
25
118
31
20
9
131
34
8
0
201
37
2
19
169
39
21
51
38
52
9
18
0
3
7
51
15
21
39
27
117
29
25
2
177
39
2
0
149
40
3
1
70
18
3
1
16
10
1
4
0
0
4
42
12
1
31
32
133
19
22
0
221
44
1
0
160
40
2
7
134
4
13
31
77
7
39
9
59
3
33
14
43
9
30
20
127
5
26
3
140
14
21
8
137
9
16
10
129
6
23
147
60
6
61
15
116
3
86
2
74
6
48
7
99
14
32
3
107
5
29
7
153
6
22
3
271
34
20
197
156
88
11
