18
2
8
0
21
44
39
0
10
128
101
5
28
182
69
11
14
122
6
6
27
63
3
11
18
3
0
3
47
2
6
3
75
20
13
8
8
114
36
6
0
183
24
1
19
188
14
7
93
60
9
12
50
3
0
3
52
0
0
4
78
45
15
14
11
157
43
9
0
221
29
0
19
209
24
4
87
74
15
6
44
4
0
0
43
0
0
5
84
37
12
19
28
157
34
9
0
175
25
0
6
179
25
0
24
144
14
0
18
31
3
0
11
0
0
5
93
17
5
23
52
127
19
10
0
199
15
0
0
197
23
2
6
203
13
6
18
114
6
16
4
12
10
20
83
24
12
19
50
122
35
21
4
175
14
5
2
158
13
5
8
126
17
15
111
134
10
57
38
64
28
112
28
20
17
31
45
74
11
48
28
65
2
37
27
42
1
42
21
65
23
29
179
113
136
44
