7
1
2
2
56
33
37
4
38
151
87
8
19
187
59
3
35
91
12
12
21
6
1
4
0
0
0
0
21
1
4
2
69
10
22
9
15
136
30
7
12
223
38
7
83
92
36
15
37
9
7
5
0
0
0
0
31
0
7
0
97
43
28
6
23
184
24
7
8
217
10
3
51
123
14
14
20
29
4
9
0
0
0
0
45
0
9
0
126
46
28
12
28
165
16
21
0
197
12
1
7
128
16
1
4
22
5
1
0
12
2
4
34
10
5
5
64
89
14
21
17
172
14
21
0
187
23
10
1
162
20
7
1
152
14
1
68
148
37
15
44
71
9
4
14
62
2
34
18
103
6
43
16
112
9
33
10
96
8
38
9
101
6
48
109
80
89
18
93
181
12
62
11
37
0
28
27
42
0
37
15
31
2
34
11
63
17
35
33
125
74
34
62
50
130
14
