0
0
0
0
13
1
32
2
12
50
135
3
26
94
110
2
25
64
21
2
16
11
3
0
0
0
0
0
15
0
4
3
43
14
57
8
23
116
69
10
8
173
60
3
67
90
34
9
45
11
10
0
0
0
0
0
26
0
4
4
70
16
14
20
13
115
39
9
19
170
64
3
52
66
55
3
28
39
31
0
20
120
28
0
11
0
0
1
82
6
3
11
30
76
35
7
2
138
63
1
3
101
80
0
2
97
65
0
36
150
50
0
0
0
0
0
84
8
5
17
52
104
40
16
0
168
54
0
0
123
73
0
0
118
56
0
113
134
61
10
0
5
0
1
30
17
2
17
26
133
16
21
1
170
24
3
11
130
29
2
13
68
33
2
165
35
64
6
66
127
19
100
21
49
2
12
11
51
1
7
2
21
1
4
30
40
0
14
29
142
24
17
86
90
114
0
