0
0
0
0
4
2
30
4
13
57
140
6
15
152
129
12
13
143
40
14
38
64
16
4
6
4
2
0
0
0
0
0
39
2
26
17
29
54
73
16
0
146
87
1
37
132
42
9
71
18
30
7
6
0
2
0
0
0
0
0
65
0
0
7
52
33
21
10
3
153
54
8
28
166
66
10
34
37
26
5
0
0
0
0
0
0
0
0
72
0
0
0
58
50
22
6
9
151
74
8
7
170
81
8
2
121
50
7
23
78
14
47
0
0
0
0
54
12
0
0
40
88
28
4
2
164
63
3
4
135
50
5
2
96
31
7
139
54
17
60
9
66
0
57
14
51
0
67
11
119
6
46
6
96
10
26
7
96
4
55
15
24
3
34
160
4
59
9
31
95
0
122
23
50
0
81
4
65
0
45
4
81
0
27
52
112
0
54
57
187
32
56
122
69
113
0
