0
7
1
2
33
33
41
7
37
120
123
4
32
134
74
0
4
136
10
2
20
86
6
14
16
6
2
6
24
11
1
8
60
94
21
25
22
166
40
10
9
161
46
0
7
181
34
6
60
74
36
14
41
5
9
5
38
0
0
4
88
56
6
22
13
171
35
9
5
190
65
0
12
165
55
12
59
55
41
11
22
38
6
0
32
0
0
0
104
29
13
8
20
143
47
8
0
160
60
0
19
148
62
11
21
141
30
8
22
175
19
0
16
0
0
2
91
17
12
20
34
125
38
9
0
189
45
0
1
148
47
0
1
168
17
0
26
163
11
18
8
22
0
4
53
43
5
11
26
132
27
11
2
157
18
9
2
127
24
9
6
143
16
11
128
140
20
40
87
109
0
16
23
77
1
29
16
58
3
15
8
51
2
25
2
111
0
55
22
186
29
53
94
122
112
24
