0
0
0
0
33
29
32
4
28
135
99
4
4
195
87
10
5
137
20
14
9
50
6
15
9
3
0
8
0
0
0
0
95
15
14
4
52
99
45
6
3
185
44
0
3
215
18
6
81
92
23
24
43
3
8
8
6
0
2
2
111
4
15
2
91
60
33
0
10
182
42
0
6
177
33
4
66
50
61
5
32
0
12
0
6
0
2
2
118
0
6
12
102
52
9
1
6
208
20
0
1
229
22
0
12
119
29
0
8
12
8
0
0
0
0
0
115
18
0
11
96
92
10
6
2
181
19
0
0
206
10
0
2
177
18
3
12
72
6
20
10
39
0
21
36
33
0
15
40
123
8
11
2
143
15
6
5
150
12
9
5
138
11
14
84
94
0
94
60
103
0
107
40
85
0
67
29
94
3
62
59
53
9
73
37
26
2
47
43
42
3
68
279
71
58
50
