8
22
13
1
21
92
90
11
30
136
103
31
8
99
51
10
40
96
27
11
41
25
1
9
0
0
0
0
22
32
13
3
33
74
31
22
12
135
43
8
0
174
50
2
70
102
34
8
66
2
15
3
0
0
0
0
18
0
4
2
73
11
19
5
14
75
25
4
0
175
22
5
24
152
34
4
21
61
34
0
6
141
14
13
41
0
7
0
81
29
31
5
16
121
46
5
0
143
31
0
1
147
42
0
1
157
40
0
16
190
18
10
39
0
3
10
78
54
32
22
9
148
35
6
0
159
39
0
0
137
55
0
18
140
22
4
84
92
4
16
13
47
10
30
25
93
11
49
9
176
21
34
7
156
22
35
16
98
19
51
52
33
11
20
163
30
20
7
6
136
13
63
13
76
2
33
2
117
8
51
5
101
0
42
11
100
0
47
59
143
41
43
141
32
74
7
