8
0
4
0
14
23
39
0
16
87
91
6
41
146
77
16
31
81
9
7
18
12
0
0
0
0
0
0
36
0
8
0
56
39
33
6
11
158
25
8
14
195
30
9
71
101
22
10
59
12
5
0
0
0
0
0
49
0
7
0
86
42
19
9
15
171
26
8
11
207
32
4
67
77
32
6
38
4
10
0
0
0
0
0
60
0
8
0
68
40
27
7
17
177
44
10
2
221
30
1
17
156
37
0
19
31
12
0
0
0
0
0
68
0
0
4
62
77
22
13
6
183
47
6
1
189
23
1
4
184
30
0
4
154
10
0
43
138
0
15
52
49
1
12
33
92
13
20
18
150
16
14
30
150
10
6
38
123
17
6
42
114
21
19
190
86
11
19
140
160
1
1
26
27
1
22
35
58
15
54
51
58
10
31
67
51
5
23
44
114
16
74
215
125
96
22
