3
2
1
0
3
15
26
0
18
92
103
3
25
139
113
1
12
119
17
4
14
66
10
14
5
3
7
5
29
2
3
0
56
34
38
2
10
130
44
4
2
194
43
1
35
154
46
19
86
43
35
20
16
3
8
5
44
0
1
3
92
65
16
13
14
173
31
4
0
186
42
0
24
144
62
14
73
28
41
10
11
0
1
0
24
0
0
4
102
64
8
16
24
159
30
5
0
168
42
0
9
142
31
10
11
30
18
9
0
20
2
2
10
0
0
2
99
36
12
17
43
132
39
6
0
162
52
0
12
137
43
18
8
112
20
16
71
159
13
19
0
14
0
2
72
51
15
8
36
149
39
4
7
117
61
1
12
100
34
6
12
90
18
8
195
67
22
12
126
77
0
51
33
58
1
36
34
85
10
41
48
36
8
24
28
33
1
10
69
98
4
61
155
99
145
33
