47
45
89
1
76
102
61
31
34
107
14
33
4
140
5
15
26
116
4
8
25
19
6
2
0
0
0
0
92
96
36
30
52
53
10
25
29
124
5
28
4
212
4
34
83
139
8
24
78
16
5
5
0
0
0
0
110
28
3
21
63
104
7
20
0
165
0
9
0
185
0
19
43
109
10
36
43
10
5
6
0
0
0
0
120
6
3
7
100
65
4
19
8
135
5
20
10
114
8
18
16
70
8
14
2
33
4
5
0
38
0
2
42
6
0
24
39
115
1
37
6
142
11
13
10
103
9
6
11
148
3
8
0
162
0
6
81
158
0
29
18
121
0
27
18
67
0
9
8
107
3
10
2
93
6
17
9
86
3
22
8
96
0
34
212
70
15
31
18
141
0
29
26
39
0
3
12
77
0
15
2
104
10
20
8
69
5
22
30
79
16
35
137
85
149
25
