6
18
0
2
11
78
43
8
8
188
115
19
16
201
94
19
40
94
25
21
18
6
4
4
0
0
0
0
12
22
0
2
45
107
26
24
27
146
81
12
11
159
72
10
90
71
29
14
49
5
4
2
0
0
0
0
0
0
0
0
67
16
13
22
48
120
59
21
16
150
64
14
68
62
39
15
30
0
8
2
0
0
0
0
0
0
0
0
56
13
3
14
43
117
35
17
16
184
58
6
8
148
58
8
1
74
22
3
8
89
1
12
1
3
4
0
11
50
11
6
10
155
23
10
0
178
47
1
0
134
73
1
0
127
40
1
110
141
24
23
40
46
7
43
10
105
26
13
8
138
20
12
8
115
28
11
3
78
30
31
6
24
16
18
145
0
82
3
130
42
1
147
58
37
1
62
54
50
0
82
56
45
0
63
48
49
3
88
55
60
30
101
120
24
107
23
