13
0
23
0
28
31
87
10
22
128
79
19
15
149
59
7
53
105
45
19
48
20
8
14
0
0
0
0
36
0
22
22
28
20
23
15
11
82
27
6
7
152
33
10
61
67
33
9
45
8
13
8
2
0
1
3
44
0
0
12
79
20
14
21
17
139
51
9
0
138
47
5
18
52
43
7
23
48
47
14
17
52
19
8
53
0
0
3
89
7
14
6
26
100
48
8
0
108
49
1
0
80
66
0
0
85
67
0
130
107
48
19
32
9
12
5
69
44
34
15
18
111
42
5
0
126
46
0
2
88
55
1
4
58
39
5
220
26
21
13
25
98
17
18
12
82
19
15
1
117
18
34
0
85
15
24
6
78
8
36
18
67
8
43
218
24
11
23
16
159
9
56
0
81
0
57
0
63
0
41
0
84
0
40
4
72
0
34
6
180
10
40
159
159
125
13
