0
0
0
0
12
14
16
2
31
83
64
2
36
162
68
4
64
164
34
10
66
52
3
3
0
0
0
0
0
0
0
0
65
23
19
11
41
105
55
9
3
192
30
1
66
113
30
9
84
13
20
3
0
0
0
0
0
0
0
0
89
8
5
4
58
87
49
10
2
170
39
1
36
117
36
3
33
17
17
1
0
0
0
0
0
0
0
0
90
8
17
5
53
112
48
9
0
177
25
0
3
165
26
0
12
86
16
0
0
32
0
4
0
0
0
0
78
23
17
16
36
134
34
14
0
182
30
0
1
165
32
0
1
157
10
0
57
137
4
44
8
33
11
30
16
73
6
33
20
136
15
25
15
145
15
25
7
105
13
21
4
101
9
22
159
50
51
24
16
96
12
58
2
52
3
25
12
53
12
17
12
36
0
20
23
81
2
44
26
191
34
75
169
87
112
14
