0
0
0
0
0
0
24
0
6
54
115
3
23
146
149
2
28
122
84
8
45
46
31
22
21
2
3
6
13
2
10
3
17
33
72
4
6
94
98
8
4
151
97
2
21
130
77
10
91
21
34
8
30
0
4
0
43
2
9
6
59
54
45
14
14
153
71
2
9
159
92
0
11
136
77
4
36
72
40
4
19
41
14
0
56
0
0
0
97
44
36
9
19
133
81
3
8
131
77
0
4
120
76
0
2
126
52
0
18
119
33
0
45
0
0
5
90
35
23
18
21
141
68
8
4
182
70
0
4
148
66
0
16
136
46
0
122
148
24
10
13
13
0
8
36
61
7
28
13
157
42
16
4
158
37
7
10
115
31
12
18
84
19
15
235
25
12
6
33
133
16
54
2
87
1
52
4
89
1
32
12
95
0
23
11
50
0
13
36
110
0
28
271
153
44
42
