1
0
1
0
61
23
51
3
94
100
120
20
20
159
88
7
29
185
96
8
147
99
50
12
31
0
1
0
1
0
1
0
81
15
18
12
75
81
38
18
5
142
62
5
62
118
74
2
100
33
54
3
7
10
3
0
0
0
0
0
75
12
10
11
59
126
44
13
1
169
69
1
64
122
68
8
60
43
50
1
86
81
59
4
0
0
0
0
79
12
17
6
67
78
60
7
6
134
109
5
36
125
107
8
18
87
84
1
199
62
60
5
4
12
7
5
47
26
45
10
23
110
59
8
7
130
94
5
17
80
58
9
10
25
17
6
219
0
23
0
52
27
8
83
29
29
31
55
17
50
18
33
40
47
13
42
27
25
2
40
23
19
0
84
190
9
48
25
112
8
8
152
63
20
8
99
36
65
15
92
41
52
14
53
12
22
3
39
8
19
0
69
134
58
37
63
