3
6
3
0
8
22
22
0
64
90
35
33
40
143
58
39
46
170
66
6
81
92
42
3
14
8
10
0
10
17
5
0
53
68
34
7
52
94
44
12
1
143
77
1
38
106
64
4
77
11
19
1
0
0
0
0
2
7
1
0
71
11
12
4
75
70
30
11
18
107
65
2
30
78
61
1
20
29
24
1
4
37
5
8
0
0
0
0
85
1
8
2
47
55
38
4
21
102
52
1
16
87
51
0
0
104
49
1
67
80
13
54
0
0
0
0
68
24
11
1
48
81
43
4
2
103
60
1
7
89
44
6
5
81
23
11
164
32
20
32
29
69
0
64
25
46
3
20
15
97
16
34
15
48
11
18
33
69
1
37
8
114
1
33
163
68
38
13
28
79
0
85
25
36
0
29
9
68
0
39
10
46
0
26
8
23
0
11
18
92
25
27
189
78
103
12
