9
0
2
1
18
27
68
3
68
92
76
10
26
75
21
2
23
56
21
10
30
10
7
9
0
0
0
0
24
0
2
2
63
20
19
12
2
53
43
8
2
22
10
2
50
8
21
1
37
0
12
1
0
0
0
0
31
0
0
1
79
1
0
2
0
20
7
3
6
65
31
10
46
21
32
11
14
10
12
2
11
50
13
6
32
0
0
0
85
6
12
1
5
58
36
3
3
113
52
4
7
98
57
4
3
101
38
2
96
115
44
17
26
2
2
0
84
40
26
6
8
114
50
4
2
98
64
0
4
99
29
0
8
62
28
0
145
30
74
7
10
34
12
24
28
73
17
12
16
97
30
33
27
48
19
22
68
13
1
28
40
0
20
12
124
0
72
0
19
115
13
111
34
64
0
30
19
54
5
40
26
30
5
23
62
15
11
44
119
44
82
21
94
12
70
0
