24
11
15
6
18
82
38
6
7
168
55
6
27
255
56
4
40
146
8
6
18
27
0
11
0
0
0
0
46
0
2
10
61
45
23
13
3
186
18
5
1
230
0
5
38
150
7
17
79
21
3
11
0
0
0
0
52
0
0
4
75
56
15
14
3
177
9
15
0
194
2
12
24
138
21
17
55
31
17
15
2
0
2
2
56
0
0
0
93
50
7
8
15
177
11
11
0
234
11
5
2
223
14
1
14
128
14
12
10
23
2
7
56
0
0
0
115
43
4
16
16
156
7
13
0
172
16
0
0
193
8
1
8
179
12
15
34
139
6
11
88
47
0
13
71
57
14
16
14
135
15
16
14
156
6
10
19
144
18
11
12
146
19
17
135
122
32
21
124
97
0
151
31
46
9
58
44
63
8
89
54
55
1
54
78
41
2
47
45
34
6
51
134
48
106
44
