0
0
0
0
23
29
8
0
60
163
25
32
46
188
18
30
36
118
17
11
37
52
18
5
3
0
1
0
6
15
5
10
23
90
15
28
18
143
12
13
0
192
4
8
67
122
32
13
75
13
23
7
3
0
1
0
18
12
3
9
96
38
14
20
67
154
7
12
0
236
24
4
50
165
57
6
35
26
21
2
0
0
0
0
31
0
1
0
130
10
12
4
69
124
16
17
0
199
43
4
9
168
49
0
21
85
16
0
2
40
2
4
25
0
0
1
104
25
21
16
33
135
34
12
0
181
35
0
0
165
33
0
0
152
14
0
78
143
33
20
25
26
0
19
91
17
23
17
45
91
44
14
24
114
21
7
7
102
28
13
8
78
18
12
131
28
85
6
28
68
0
70
49
12
6
21
44
16
6
14
41
84
8
25
15
226
19
28
29
171
96
8
52
20
134
0
