2
3
3
0
8
25
25
6
8
81
89
6
10
129
163
0
20
132
104
0
27
125
20
6
38
37
11
2
34
5
4
1
70
65
58
21
31
131
108
26
2
170
100
0
4
182
43
3
73
81
38
8
60
1
15
2
58
0
1
1
115
44
20
25
24
143
74
19
0
155
73
0
4
177
54
3
61
86
35
6
34
3
7
0
52
0
0
4
103
36
17
16
35
146
46
9
5
166
69
0
0
180
56
0
10
132
22
0
6
34
6
2
52
0
0
4
96
46
15
13
32
158
42
6
6
178
62
0
0
188
52
0
4
169
29
0
57
137
11
33
66
20
1
1
63
95
10
16
18
161
36
15
12
139
48
19
10
114
27
23
15
125
11
37
169
81
25
33
163
92
22
1
23
84
6
29
30
98
4
28
21
47
7
29
13
71
6
34
16
213
26
57
135
143
118
34
