14
0
4
2
16
38
37
3
0
157
83
4
6
180
111
9
9
79
32
16
1
7
0
8
0
0
0
0
31
0
4
3
58
11
11
14
0
121
23
6
0
190
12
10
16
111
3
42
30
9
1
24
0
0
0
0
19
0
0
1
70
9
5
12
9
109
23
7
0
215
9
2
17
159
9
15
67
24
4
19
14
0
0
0
4
0
0
0
82
6
7
13
37
128
19
18
0
210
17
1
5
165
6
6
37
49
3
5
14
0
0
0
0
0
0
0
89
3
3
7
43
93
17
21
0
180
12
2
18
132
1
9
12
34
5
13
0
7
5
8
4
49
8
15
58
39
4
5
26
138
16
8
0
217
7
2
4
203
9
2
6
135
13
28
21
30
5
98
37
128
21
100
4
160
44
28
4
189
20
53
15
131
3
63
34
104
9
43
44
66
14
20
169
139
48
72
