0
12
8
0
6
29
38
3
15
84
102
5
15
122
111
14
17
73
22
20
5
9
0
10
0
0
0
0
0
47
31
0
32
62
51
9
60
84
37
19
8
186
37
13
73
104
17
28
57
9
5
15
0
0
0
0
0
9
7
0
55
8
6
1
99
71
19
11
13
205
29
15
74
107
49
16
56
2
22
0
0
0
0
0
0
0
0
0
56
0
0
0
90
90
22
12
9
216
46
7
6
127
35
10
6
14
12
0
0
12
0
0
0
0
0
0
54
0
9
1
79
86
36
9
5
190
35
6
0
160
17
5
0
124
24
0
29
97
13
65
4
22
0
12
40
24
7
25
40
87
25
28
7
133
17
17
12
130
13
17
20
85
18
15
174
47
12
51
15
87
0
116
16
34
1
39
20
60
2
66
12
51
1
38
18
31
1
28
15
68
6
27
219
155
96
10
