14
2
32
2
23
59
79
5
35
161
55
15
22
93
67
14
36
98
46
12
67
34
3
10
0
0
0
0
33
14
21
16
37
29
16
12
0
32
9
3
2
37
24
7
51
20
23
6
66
0
6
0
0
0
0
0
47
2
8
3
70
43
17
12
13
68
12
15
8
16
10
6
34
48
27
11
44
33
6
25
14
58
4
14
66
0
6
0
83
36
26
21
32
54
28
28
6
16
9
5
5
38
23
8
6
50
23
15
102
104
17
29
54
3
0
15
65
27
17
31
19
62
31
22
6
63
29
8
6
63
31
8
23
81
25
11
183
40
36
13
31
77
0
76
34
47
5
64
37
94
16
35
37
87
25
45
36
51
10
41
40
15
8
7
152
18
62
4
15
96
2
87
15
69
10
58
28
45
2
31
25
86
8
55
14
155
2
93
36
131
51
42
93
44
99
0
