0
0
0
0
4
10
16
0
45
55
63
31
34
83
83
56
3
82
44
13
27
71
8
2
20
4
0
0
16
2
8
2
36
32
49
9
17
96
52
11
3
141
73
3
11
148
63
4
83
74
31
6
35
4
5
0
39
2
6
7
75
37
11
25
14
133
39
12
4
161
73
4
16
134
85
5
57
43
43
5
8
0
4
0
33
0
0
3
90
26
8
10
41
114
60
15
10
161
80
7
9
121
78
0
10
56
34
0
19
91
10
12
32
0
3
3
77
16
13
12
29
112
56
19
14
161
94
11
3
125
95
1
1
94
61
0
135
103
22
40
21
2
2
3
58
49
13
8
11
113
35
13
6
141
62
15
2
83
39
8
2
58
19
15
194
51
23
30
39
104
0
119
27
81
7
29
31
124
10
57
24
92
11
45
1
48
20
31
3
80
6
29
169
249
58
42
