0
0
0
0
15
6
0
7
48
43
41
26
46
149
87
12
35
119
31
15
33
21
4
20
0
0
0
0
0
0
0
0
36
6
0
18
57
45
13
65
7
176
26
19
55
137
21
15
97
12
5
10
0
0
0
0
0
0
0
0
24
0
3
5
85
43
20
20
11
175
34
16
36
141
35
18
60
26
20
10
0
4
2
2
0
0
0
0
40
0
8
0
75
49
25
11
11
161
28
12
2
175
24
5
10
109
37
10
12
22
11
9
0
0
0
0
53
9
5
5
77
77
12
18
9
190
14
9
0
210
22
0
5
181
33
1
50
146
16
16
65
37
0
40
21
27
0
20
20
82
2
30
5
145
23
29
9
147
14
24
13
111
11
11
159
84
35
16
109
42
23
114
41
53
16
60
14
125
2
51
18
77
9
34
10
50
13
31
86
68
10
44
190
72
112
22
