5
46
28
13
5
100
52
7
13
114
109
0
20
116
76
0
14
73
29
6
19
36
13
6
3
0
1
0
29
35
23
47
38
57
40
49
7
114
58
7
0
147
62
3
30
120
71
15
74
33
32
11
3
0
1
0
46
0
0
14
137
22
20
25
64
102
46
12
4
155
96
7
31
105
84
24
58
38
32
20
1
12
3
0
50
0
6
0
160
1
10
3
64
71
37
18
10
143
95
4
14
137
88
7
20
92
55
13
12
72
14
0
60
0
10
0
95
38
23
28
19
122
64
21
4
156
80
0
4
149
63
0
1
123
48
0
124
143
32
5
33
11
6
10
32
92
15
31
7
158
45
18
5
123
51
3
16
92
30
12
15
58
14
9
189
24
55
2
50
198
12
86
29
72
21
44
41
90
25
56
56
44
9
41
43
19
0
30
55
91
6
42
179
106
85
14
