0
0
0
0
36
22
25
3
25
151
83
5
0
262
102
0
24
222
77
11
40
41
15
16
1
0
0
3
0
0
0
0
89
9
11
9
45
101
63
11
0
169
69
0
32
147
45
12
72
31
19
28
12
0
3
5
0
0
0
0
71
7
11
9
50
70
44
12
0
186
56
2
23
158
42
9
86
43
22
19
22
7
5
4
8
0
2
0
76
11
29
4
45
94
50
5
0
176
51
1
12
159
41
6
39
101
32
18
13
39
16
8
21
4
5
0
81
45
33
9
20
142
62
10
0
180
48
0
0
159
47
2
0
155
35
4
54
79
12
65
19
27
7
5
32
84
15
11
13
139
24
10
12
128
23
15
13
110
20
27
12
57
16
25
173
15
1
61
59
141
17
101
46
95
11
84
30
63
10
57
49
70
4
47
45
166
11
74
15
227
9
63
156
190
96
32
