0
32
16
18
3
60
59
16
19
118
112
9
26
163
38
11
34
69
0
13
20
7
0
1
0
0
0
0
15
15
8
24
47
26
13
32
13
128
35
22
32
205
15
8
107
57
15
7
46
5
6
1
0
0
0
0
34
0
3
1
94
8
17
5
32
142
26
10
14
203
23
2
45
82
29
0
24
4
6
0
0
0
0
0
50
0
4
0
93
30
14
5
34
148
17
9
0
197
19
0
12
149
21
0
8
61
5
0
0
48
0
12
46
34
4
0
51
95
11
7
8
176
5
5
0
181
19
0
4
152
38
0
4
129
18
15
68
95
4
61
29
143
1
51
13
105
6
34
6
118
5
27
15
111
4
12
39
111
12
22
29
96
7
40
143
59
19
47
24
82
0
84
41
76
16
105
44
103
17
70
17
90
23
32
22
34
12
12
23
104
22
41
97
78
121
38
