0
19
13
0
0
65
21
0
26
175
25
20
16
206
35
69
37
144
13
36
64
51
5
4
0
0
0
0
64
34
29
3
12
142
48
6
6
201
57
0
7
201
37
5
64
117
46
19
93
12
28
7
0
0
0
0
122
12
12
6
12
133
53
10
0
207
73
0
0
182
49
1
29
90
36
5
29
19
30
4
0
38
6
12
133
16
18
7
15
122
49
8
0
182
56
0
0
181
55
0
8
133
51
0
2
89
47
0
75
92
27
38
124
27
16
7
27
138
41
10
0
180
51
1
0
154
55
1
2
120
47
3
2
77
30
3
205
27
10
8
119
37
21
19
41
90
37
34
14
107
17
42
27
78
14
51
24
51
7
30
24
62
0
52
208
16
16
16
94
133
94
41
38
25
35
56
39
73
2
74
36
74
0
56
27
92
0
43
38
177
15
38
143
110
126
17
