6
44
20
0
7
104
36
5
14
163
71
6
22
204
81
1
28
109
22
1
10
48
5
9
8
2
4
4
8
44
12
0
49
57
11
9
51
86
43
12
2
151
51
4
6
68
28
6
44
24
27
7
11
2
5
4
0
0
0
0
72
2
1
1
59
75
24
10
3
88
37
4
6
91
52
7
29
30
34
1
9
0
1
0
0
0
0
0
63
0
6
3
59
53
23
7
4
137
45
2
0
140
66
0
22
96
40
0
12
64
4
12
0
0
0
0
63
2
4
7
46
87
22
13
3
161
49
3
0
133
73
0
0
124
38
0
108
140
14
38
7
14
0
5
67
9
8
6
73
60
30
11
13
148
28
13
8
97
24
17
21
66
11
24
211
36
29
16
28
147
31
50
27
59
15
25
50
67
10
19
21
65
1
11
8
66
0
20
20
112
0
34
245
149
93
21
