2
3
7
0
4
35
48
1
8
104
111
1
22
128
130
8
25
126
43
10
47
53
2
6
14
0
0
0
12
3
18
15
22
49
63
24
2
133
85
2
2
185
76
5
53
128
43
18
125
34
23
12
17
0
1
0
16
0
3
15
66
29
16
27
11
119
60
6
2
176
72
6
57
97
63
35
64
53
42
15
19
110
17
18
10
0
0
2
87
29
14
20
42
118
57
9
6
138
79
1
16
89
64
7
9
93
23
5
19
169
20
16
6
0
2
0
88
28
22
6
43
113
54
8
4
120
68
0
0
127
49
0
0
143
29
0
74
132
21
31
32
10
2
18
64
67
21
10
19
147
40
8
9
129
46
6
34
108
35
7
58
103
15
10
210
70
19
21
183
47
83
35
88
65
3
12
56
57
5
8
81
50
10
7
66
31
9
12
67
61
0
14
120
153
36
3
