11
0
4
3
51
43
79
9
52
161
111
2
37
141
58
4
48
61
11
24
12
0
1
3
0
0
0
0
14
0
4
4
88
27
23
22
34
108
67
7
24
97
55
2
125
21
32
6
23
0
4
3
0
0
0
0
7
0
1
2
90
28
25
19
41
147
69
11
13
139
86
0
62
36
54
0
11
1
4
0
4
23
7
0
4
0
1
1
107
27
19
13
49
137
62
10
0
162
84
0
0
74
64
0
0
51
51
0
105
135
85
5
0
0
0
0
106
17
5
14
70
99
45
12
2
121
53
0
8
88
78
0
0
54
74
0
224
37
39
2
0
0
0
0
47
25
3
13
44
107
29
18
9
100
36
5
24
50
23
11
16
23
7
28
203
46
25
46
35
140
0
113
16
38
2
18
14
119
11
36
7
83
7
27
38
18
0
40
29
28
0
41
219
164
65
66
