16
28
47
1
7
68
116
7
27
115
107
3
10
117
25
0
7
133
41
3
25
115
23
19
36
32
9
17
61
49
31
29
16
146
33
17
2
195
40
3
2
201
32
1
15
140
26
5
51
34
47
4
24
6
20
0
84
25
4
21
39
136
17
16
0
195
29
0
2
171
36
1
19
88
42
3
29
33
44
0
3
30
7
2
87
7
10
8
38
105
29
14
0
179
33
0
0
192
22
0
5
166
45
0
8
116
23
3
33
96
21
18
99
23
36
6
27
129
20
8
0
157
23
0
0
168
22
0
0
142
28
0
9
138
9
6
33
108
41
30
83
97
11
31
19
139
12
24
3
143
17
27
13
106
21
24
17
133
22
26
11
144
8
19
105
127
15
41
94
157
59
12
13
48
12
33
13
59
26
68
19
50
11
62
33
114
22
53
36
190
37
87
136
129
133
18
