2
6
4
0
19
48
42
5
58
96
73
9
48
154
42
10
6
92
0
14
17
32
0
7
8
0
0
0
2
6
4
0
44
33
15
4
81
77
15
17
7
200
5
20
31
146
28
17
36
29
39
6
8
0
0
0
0
0
0
0
44
15
5
8
56
49
8
21
1
155
2
28
5
112
32
27
5
18
24
3
0
0
0
0
0
0
0
0
57
10
6
7
48
56
17
9
2
142
12
10
4
148
8
18
6
75
2
3
0
28
0
8
0
24
0
0
27
8
13
22
26
94
17
17
2
173
5
2
0
169
1
0
5
147
1
5
29
57
0
76
60
87
0
29
23
35
7
33
23
77
9
39
22
91
0
15
18
86
0
8
36
92
2
12
139
21
9
59
45
45
0
24
16
13
4
17
18
23
4
21
9
10
0
5
10
72
14
56
31
147
56
58
115
112
119
6
