0
9
5
0
2
38
42
0
2
84
132
0
18
135
109
0
17
90
30
3
8
56
13
11
5
8
1
6
46
36
21
7
26
79
71
16
30
107
67
4
0
151
37
0
19
147
33
3
81
54
33
18
28
8
11
7
51
37
7
11
69
42
7
50
60
110
23
9
0
171
61
0
28
94
30
0
87
8
25
0
13
0
9
0
5
0
0
3
102
20
5
15
60
152
30
10
0
182
70
0
6
123
47
0
8
26
8
0
0
0
2
0
10
0
2
2
72
23
22
7
27
129
37
7
0
152
62
0
0
127
53
0
0
101
33
0
33
129
17
13
10
0
2
2
26
33
13
12
6
117
52
1
0
153
39
0
0
131
45
6
0
112
38
6
151
112
36
17
28
174
18
44
4
13
3
0
4
38
10
0
0
39
9
0
0
86
2
22
6
83
10
15
193
86
123
0
