19
1
24
2
52
56
118
8
24
95
86
15
10
90
32
8
34
31
7
16
12
0
0
0
0
0
0
0
39
19
23
7
60
74
50
24
15
145
88
4
32
125
74
19
117
26
22
11
23
0
1
0
0
0
0
0
21
7
0
4
81
30
12
21
24
126
68
14
22
125
90
3
38
31
42
3
11
15
14
0
28
55
21
20
12
0
0
0
73
19
13
17
25
112
67
12
12
117
81
0
12
57
57
0
0
72
78
0
146
71
43
48
6
6
6
0
56
52
33
13
23
136
69
12
2
132
78
0
2
78
68
0
0
22
36
0
186
5
44
11
10
140
60
0
20
100
50
14
21
87
38
14
27
71
27
7
41
37
7
23
42
6
4
22
178
0
50
0
26
83
29
0
124
37
9
38
90
36
5
31
46
85
5
24
70
41
8
37
78
83
13
72
122
63
84
21
