10
10
2
0
18
56
27
9
30
140
92
12
33
219
82
18
12
142
34
12
32
57
12
15
24
2
0
4
37
10
2
13
64
61
21
44
10
152
41
25
2
204
46
0
38
165
53
12
87
36
41
10
28
0
4
2
18
0
0
10
75
26
19
40
27
164
46
11
0
216
40
0
49
137
50
4
62
23
37
4
2
0
4
0
1
0
0
1
94
31
16
15
43
160
42
13
0
211
35
0
11
164
29
0
10
26
12
0
0
0
0
0
2
0
1
1
78
17
17
16
44
138
32
14
0
206
30
0
2
166
34
0
2
128
40
0
54
126
11
27
10
30
1
13
26
40
20
32
15
122
24
31
4
147
13
28
15
131
24
16
19
122
27
24
124
70
85
17
44
136
0
106
33
74
3
50
20
79
3
62
26
53
0
63
23
82
4
49
40
136
69
49
71
30
153
4
