7
0
1
0
13
20
27
2
7
73
114
2
20
157
130
3
13
124
38
3
17
66
13
0
21
18
9
0
23
0
1
0
75
29
28
12
10
67
63
20
0
110
47
7
0
130
35
11
53
34
20
3
48
16
13
9
32
0
0
0
84
13
4
7
4
25
17
10
0
87
46
3
3
139
57
5
42
65
37
14
40
64
52
30
30
0
2
0
88
20
9
5
11
89
40
4
3
102
83
0
9
129
61
1
17
129
70
2
81
123
59
33
23
2
7
2
75
31
21
15
28
148
52
10
6
175
67
0
4
135
59
0
17
97
48
0
182
53
40
13
15
21
13
9
32
77
45
14
9
120
36
11
8
107
30
13
7
98
12
27
7
47
10
26
117
53
68
20
33
152
10
145
14
95
15
48
14
107
16
49
23
53
14
22
8
77
0
37
6
40
2
26
22
36
17
17
