0
2
6
0
5
31
34
0
26
97
97
0
22
182
128
0
34
148
74
14
34
25
5
20
0
0
0
0
30
9
29
8
42
83
104
15
14
133
98
3
4
122
72
0
43
113
59
11
91
26
19
14
0
0
0
0
45
4
16
21
73
63
47
55
4
113
70
7
2
124
82
0
45
107
74
6
51
22
31
4
0
0
0
0
12
0
0
12
64
40
23
51
21
139
77
17
2
159
113
0
28
115
89
0
12
51
30
1
4
88
15
17
0
0
0
0
58
27
23
20
41
142
84
17
6
158
106
0
4
111
91
0
3
91
67
1
119
87
39
27
0
11
0
13
22
34
17
19
17
140
55
18
2
124
57
7
2
87
51
6
9
41
29
13
192
0
41
5
0
35
0
201
38
70
10
82
40
57
7
72
22
43
8
75
20
115
14
39
50
220
41
41
171
61
83
5
