0
0
0
0
5
5
14
0
5
72
51
2
28
122
109
5
30
93
60
7
11
47
5
13
10
2
0
4
24
8
0
0
51
46
34
3
17
111
53
7
5
198
44
7
26
169
47
8
96
63
20
17
36
4
4
4
52
6
0
2
128
29
21
8
35
167
34
8
3
202
54
9
46
93
54
19
85
24
41
8
18
2
4
0
39
0
0
5
106
58
12
20
25
203
33
7
0
245
37
6
20
101
29
16
19
7
3
7
0
0
0
0
23
2
0
1
102
67
14
13
27
194
31
10
0
203
39
0
4
183
27
0
2
133
7
0
45
116
7
28
21
61
1
11
26
60
5
23
21
140
16
23
9
133
24
8
9
123
15
11
6
129
8
19
174
66
15
23
22
111
1
26
0
39
6
35
8
37
3
30
16
32
7
17
8
28
1
13
6
143
5
42
184
100
113
21
