6
5
5
0
6
36
22
0
20
87
53
10
38
139
37
36
20
124
6
32
13
50
0
31
9
3
0
8
16
10
5
5
45
68
30
17
13
142
41
6
0
179
20
7
3
128
31
28
43
57
54
36
22
3
9
8
3
5
0
4
75
54
15
26
27
175
25
13
2
200
27
5
31
121
71
17
35
41
47
7
7
6
7
0
0
0
0
0
92
30
11
13
40
147
37
12
2
209
39
0
15
167
36
10
16
95
19
26
0
17
12
17
0
0
0
0
84
23
12
13
41
122
39
12
0
162
38
0
0
169
22
1
0
153
21
22
10
103
14
43
10
11
0
13
49
28
19
20
29
108
29
24
15
128
23
18
14
138
15
25
0
121
12
25
87
107
35
67
108
75
0
133
30
71
6
113
52
79
10
83
70
56
3
75
55
143
23
53
30
195
50
53
70
129
123
10
