0
0
0
0
0
3
1
0
12
14
18
0
59
109
62
0
36
159
80
1
62
108
99
23
63
26
40
27
0
78
15
1
2
79
24
3
13
67
62
10
19
127
86
10
42
125
53
8
87
26
52
7
18
2
18
0
25
99
33
1
30
106
53
7
14
65
63
6
19
105
52
4
51
62
30
3
54
13
24
3
5
0
3
0
77
6
11
6
56
57
56
13
21
84
64
1
22
100
46
0
11
115
36
10
3
38
8
13
0
20
2
2
73
0
2
11
77
55
38
14
9
104
71
2
12
124
56
0
2
135
44
11
1
119
38
10
63
107
21
21
66
12
10
4
64
120
39
13
3
165
68
2
3
131
44
0
0
113
35
0
0
91
30
1
181
31
28
10
19
253
19
59
21
122
26
23
0
138
20
6
0
35
11
2
0
9
3
0
8
70
26
4
180
105
96
3
