7
4
3
0
15
34
14
9
2
73
54
5
4
170
114
4
11
155
57
3
19
50
4
9
8
0
1
1
7
4
3
0
65
45
18
14
30
142
21
11
2
204
17
3
16
172
24
6
55
36
31
6
8
0
1
1
0
0
0
0
95
11
5
5
53
132
22
9
2
202
30
2
30
111
42
11
32
19
23
6
0
0
0
0
0
0
0
0
91
12
5
6
45
138
31
10
0
230
42
0
6
179
30
13
10
50
12
18
0
0
0
0
0
0
0
0
88
12
11
7
49
123
39
11
0
205
25
0
2
194
19
11
4
159
17
8
56
156
1
19
16
69
1
54
63
28
9
32
36
143
25
28
0
176
24
26
0
112
13
19
7
136
19
22
200
125
19
38
12
81
3
68
11
28
2
21
9
80
6
19
4
93
9
20
10
139
6
53
8
207
47
48
151
128
162
23
