6
0
10
0
12
30
59
1
72
84
111
13
60
114
58
8
7
91
12
8
14
35
11
12
2
0
2
2
16
15
10
3
92
34
39
23
71
86
32
21
23
197
20
20
32
157
29
24
49
26
35
8
2
0
2
2
6
7
0
3
135
13
0
22
75
128
2
27
3
233
15
7
32
133
55
8
21
31
16
0
0
0
0
0
0
0
0
0
129
2
0
9
104
71
4
21
6
193
35
6
6
183
31
0
24
86
6
0
0
48
2
10
0
0
0
0
104
22
3
3
70
131
10
11
4
183
21
4
2
175
24
1
2
162
15
1
89
137
29
35
12
61
0
45
32
62
3
25
33
103
5
23
30
97
10
25
26
86
13
35
17
40
23
16
123
10
97
4
22
71
0
75
14
39
0
35
29
55
1
33
24
22
3
19
41
52
14
29
81
85
95
31
71
29
102
0
