40
70
37
33
25
147
18
10
24
171
43
8
49
197
40
12
12
110
6
26
9
56
0
21
9
7
0
4
112
24
12
30
85
104
26
43
9
178
13
24
0
201
8
13
2
201
6
27
53
110
3
44
53
8
1
8
93
12
7
26
61
124
16
39
3
210
12
19
0
245
9
8
2
236
1
21
75
108
13
30
72
5
7
4
64
3
1
20
82
99
15
24
1
216
14
5
0
210
6
2
0
218
4
12
23
133
16
30
25
11
10
4
40
43
2
11
55
140
28
23
2
219
10
9
0
235
3
2
0
224
7
5
0
162
1
17
0
74
0
20
25
63
33
17
22
133
14
23
9
137
10
28
4
130
7
25
8
139
0
19
10
138
0
22
98
147
2
61
107
63
124
6
23
24
5
18
20
57
8
97
29
47
15
91
40
11
2
47
68
62
28
66
218
189
122
37
