17
4
15
0
40
54
79
3
43
148
84
7
14
166
12
2
31
112
2
5
30
18
0
0
0
0
0
0
61
0
11
0
75
56
25
10
12
161
34
5
8
214
31
7
71
107
17
15
64
10
6
0
0
0
0
0
72
0
0
0
69
41
7
7
17
176
31
10
13
159
36
8
58
57
24
17
50
12
11
7
0
0
0
0
72
0
0
0
65
26
15
6
7
143
48
6
11
135
36
2
16
84
29
19
11
78
26
11
7
71
8
6
64
16
0
0
66
63
13
6
12
133
37
6
0
151
39
0
0
144
26
2
10
134
21
5
79
111
34
14
42
83
9
4
31
115
3
13
13
126
17
16
10
95
26
19
2
91
18
33
50
58
18
28
152
11
44
3
53
127
19
21
16
56
6
34
28
56
13
27
14
45
14
27
3
91
13
39
56
157
46
35
169
55
66
0
