8
0
46
0
5
44
96
3
8
135
78
41
3
134
16
15
16
75
0
13
15
11
0
4
0
0
0
0
46
0
26
18
33
46
24
17
6
153
22
9
7
189
11
17
63
72
13
24
50
11
8
7
0
0
0
0
57
0
0
23
37
32
11
32
7
121
35
15
13
117
27
15
55
24
36
13
35
0
15
0
0
0
0
0
52
0
0
8
63
16
8
19
3
49
16
14
5
37
11
1
28
37
22
19
12
50
6
18
2
60
0
18
40
3
0
5
54
35
12
9
0
78
25
3
4
58
16
0
7
81
14
24
9
126
3
28
64
98
12
42
18
61
0
19
8
79
12
25
0
112
32
12
9
94
26
17
25
77
4
36
19
58
24
35
99
15
85
7
20
188
0
52
5
86
8
39
0
100
27
13
7
61
18
10
16
65
47
22
13
81
141
11
29
22
109
0
