7
14
11
0
11
37
47
3
18
63
87
6
45
119
49
5
0
63
0
25
1
8
0
21
1
0
0
1
85
17
13
3
76
40
30
28
10
46
17
17
0
140
12
10
8
120
3
47
55
21
3
47
17
0
0
1
115
0
0
5
119
15
8
24
12
111
7
20
0
190
2
2
34
126
31
21
76
14
34
14
17
0
1
0
87
0
2
15
125
3
4
18
43
59
7
9
0
103
1
0
25
57
22
4
35
50
18
11
16
89
5
24
39
9
7
9
73
13
27
21
48
29
24
9
0
65
6
1
3
73
0
8
3
85
0
12
47
120
29
62
15
24
43
0
21
52
33
24
13
56
12
41
11
66
8
39
23
72
3
44
19
89
6
60
144
48
33
59
26
121
125
0
16
26
27
7
7
41
0
60
22
78
12
84
27
55
10
40
8
66
20
38
204
95
106
31
