4
1
11
0
4
21
44
1
4
95
101
2
23
162
105
0
10
125
31
0
5
116
3
4
14
46
10
22
36
1
11
6
33
43
36
12
0
149
40
5
0
169
35
0
0
165
31
2
12
128
29
9
71
24
29
32
45
0
0
7
67
48
15
14
5
160
24
3
0
187
27
0
0
174
42
2
8
99
30
17
103
4
20
7
33
0
0
3
95
48
18
17
19
186
33
6
0
197
33
0
2
182
31
3
16
95
17
24
81
10
14
11
29
0
3
0
102
46
14
8
21
167
26
6
0
194
28
0
2
185
18
3
11
114
23
16
22
119
10
17
35
12
3
0
75
63
23
9
14
172
21
7
3
173
26
2
7
166
32
5
11
145
27
11
129
179
16
22
187
59
21
27
58
54
8
4
92
103
8
23
48
82
14
32
52
51
18
33
41
28
8
45
178
128
79
27
