6
2
0
0
8
29
21
0
16
77
83
2
64
122
89
3
31
115
21
5
22
38
10
4
3
0
1
0
22
2
0
0
77
58
26
11
4
151
44
9
0
183
49
2
40
146
40
8
66
36
31
5
3
0
1
0
32
0
0
0
103
33
11
13
16
158
38
12
0
193
53
4
61
100
55
24
54
7
22
7
0
0
0
0
29
0
3
0
97
32
20
9
17
162
50
9
0
210
46
4
46
110
40
20
32
24
11
7
0
18
2
4
28
12
10
0
66
81
38
13
11
200
49
10
0
223
25
0
2
190
16
0
2
137
27
0
77
120
20
31
51
37
4
42
13
92
13
20
6
112
16
30
23
93
11
19
13
93
8
10
3
82
4
31
177
38
26
49
68
66
0
38
0
26
0
20
6
61
0
49
25
31
5
17
16
14
3
11
26
69
8
37
158
106
147
29
