19
6
7
2
35
89
82
4
6
218
127
1
5
221
52
10
10
110
0
20
12
23
0
19
1
0
0
1
42
6
9
9
45
55
45
17
3
159
66
4
0
227
12
3
23
160
8
27
60
27
10
27
8
0
1
1
45
0
6
7
71
32
24
17
13
146
33
6
0
193
12
3
33
123
16
22
62
20
27
9
7
0
1
0
56
0
0
0
99
33
11
9
21
182
17
10
0
221
13
6
14
191
21
10
18
111
19
18
8
49
6
19
53
3
0
2
93
35
8
14
18
142
15
13
0
177
11
4
0
173
10
9
0
165
3
20
14
98
15
21
44
41
6
3
46
71
1
22
13
138
1
24
6
154
6
4
2
150
3
9
0
143
0
15
59
111
2
62
185
111
29
25
84
40
0
64
141
61
0
74
100
56
0
40
20
102
0
70
29
75
14
42
95
126
118
37
