6
3
7
0
97
56
40
13
69
112
32
19
0
145
46
1
22
161
19
22
49
47
17
21
7
0
1
0
13
13
9
5
43
70
32
33
15
134
41
20
0
150
61
1
48
123
49
28
87
20
39
10
7
0
1
0
1
7
0
2
72
21
5
20
57
124
44
17
6
163
63
2
56
90
59
13
47
31
30
10
5
7
1
3
0
0
0
0
82
5
4
3
84
100
30
10
6
153
66
3
22
119
55
6
19
119
38
14
10
34
10
14
0
0
0
0
78
14
14
8
70
119
47
12
2
165
64
1
2
163
58
5
0
141
38
13
81
109
19
43
0
37
4
29
37
46
14
27
34
107
33
24
8
119
29
30
8
96
22
20
3
64
8
13
153
52
54
11
4
105
20
79
18
47
7
30
17
49
2
18
6
26
0
20
10
95
13
42
21
140
79
26
75
72
105
0
