0
0
0
0
50
32
44
2
64
124
112
12
50
136
57
5
34
141
21
6
55
53
4
4
0
0
0
0
0
0
0
0
86
7
7
4
59
69
42
26
6
117
47
10
47
100
30
3
88
29
10
3
0
0
0
0
0
0
0
0
81
1
0
2
33
11
3
3
3
65
26
6
12
154
37
3
20
146
8
0
4
54
0
0
4
0
2
0
83
1
8
0
40
34
14
0
2
99
30
5
2
146
31
3
2
179
15
0
18
140
8
8
17
3
7
5
61
24
24
7
43
103
20
8
0
133
37
0
0
130
38
0
0
132
23
3
143
132
18
23
13
3
3
5
18
52
9
15
5
84
14
5
4
111
17
18
0
59
11
16
33
36
24
13
228
17
26
25
42
194
4
96
18
93
3
42
13
121
10
38
10
77
8
27
0
54
0
26
19
62
7
28
165
145
45
79
