8
1
7
0
25
29
53
3
42
109
129
6
16
136
66
0
8
129
37
2
37
86
34
19
28
11
6
9
27
1
7
5
66
29
31
22
16
116
50
12
0
175
47
0
24
150
41
7
93
35
37
7
39
0
9
0
27
0
0
5
91
12
12
25
27
122
54
15
0
191
59
0
17
177
44
4
62
46
39
5
14
0
4
0
30
0
0
2
105
11
9
9
36
121
53
14
0
210
52
0
1
185
34
0
1
67
18
0
0
0
2
0
27
0
5
0
101
17
18
6
26
113
43
8
0
178
44
0
0
204
32
0
0
163
29
0
59
143
20
20
27
20
15
0
55
85
19
9
24
130
31
11
20
127
31
16
18
116
25
25
19
102
17
28
190
82
34
16
133
58
20
21
57
81
2
22
45
76
5
16
37
49
5
19
26
50
0
28
24
166
2
66
228
125
98
21
