12
39
15
0
0
48
32
0
10
87
78
3
27
148
98
11
23
113
21
13
18
31
0
15
3
0
0
1
42
58
18
36
15
62
37
8
0
133
43
2
0
188
32
2
21
160
23
20
87
38
11
24
19
0
0
1
44
4
1
39
55
66
38
23
4
165
57
2
0
187
39
2
21
150
37
16
92
39
26
11
21
0
1
0
39
0
0
11
86
53
19
28
20
157
42
5
6
168
36
2
19
127
17
11
27
47
18
2
5
31
4
4
27
0
3
4
86
27
15
14
15
121
42
6
8
174
48
2
23
147
31
3
0
117
23
0
71
135
12
24
28
41
3
12
47
46
26
23
6
146
49
11
2
142
45
9
2
114
37
7
0
86
20
6
195
42
8
25
74
179
6
99
33
133
42
58
16
139
29
72
24
145
52
35
9
119
47
35
10
64
38
44
163
51
147
11
