4
15
4
1
12
57
22
5
16
146
107
3
18
208
88
0
12
117
19
8
14
33
0
17
6
0
0
2
9
20
5
2
21
108
11
24
34
125
36
19
4
210
38
4
43
187
41
17
74
37
20
19
8
0
2
2
0
1
0
1
30
10
5
5
76
85
31
16
10
227
58
11
54
171
47
16
74
17
35
10
2
0
2
0
0
0
0
0
51
0
5
0
76
62
34
10
3
176
57
6
27
177
37
9
27
102
25
12
17
98
10
9
22
14
0
0
38
41
8
1
40
111
26
5
3
190
22
3
3
167
26
2
1
151
18
2
136
144
21
17
105
26
43
0
83
44
7
4
65
61
8
10
64
66
10
14
50
60
9
27
34
35
10
33
169
2
59
4
108
56
92
0
67
17
4
16
76
18
0
14
48
32
0
8
50
70
0
56
47
150
24
85
111
63
122
8
