25
53
14
0
2
59
45
2
2
109
62
5
11
171
81
15
9
123
25
15
28
70
0
12
22
3
0
3
85
57
12
28
66
45
31
22
11
61
13
9
6
181
11
8
9
199
11
11
86
64
9
23
48
3
3
2
83
10
0
25
84
71
17
30
9
176
18
9
1
220
7
2
15
171
17
7
64
39
25
4
24
0
6
0
65
1
0
10
80
50
22
20
8
160
28
10
0
206
20
0
0
213
15
0
16
135
20
5
20
20
5
5
65
0
0
7
64
64
23
17
8
176
30
4
0
189
24
1
0
193
13
2
9
174
18
3
43
140
9
20
47
45
0
46
37
93
16
34
9
164
16
19
7
134
16
21
10
129
13
32
10
129
13
28
146
81
28
23
40
105
0
107
20
74
3
45
13
63
4
70
24
42
3
59
13
39
0
52
30
55
13
110
227
127
70
54
