5
0
3
2
19
32
46
5
24
106
115
3
28
125
99
0
13
113
34
4
41
52
4
5
14
0
0
0
6
0
3
3
69
15
22
42
55
54
41
22
8
140
78
0
31
150
64
9
97
45
25
9
17
0
1
0
1
0
0
1
91
0
0
17
125
15
7
13
13
115
46
0
23
137
70
4
50
73
44
5
12
122
16
0
0
0
0
0
106
0
6
0
135
21
24
0
25
136
54
3
2
171
69
2
0
130
44
0
12
173
25
0
0
0
0
0
65
14
9
0
71
80
45
0
3
148
62
1
1
151
41
1
0
135
21
0
30
140
10
40
7
12
5
0
14
43
14
3
10
124
29
3
5
127
39
5
5
117
23
5
3
110
14
13
150
82
37
53
103
87
138
0
23
68
11
42
23
106
3
54
36
56
1
23
15
26
0
17
9
22
6
43
160
59
134
35
