12
7
0
1
17
46
23
4
17
82
77
8
40
171
81
30
40
123
27
32
34
9
6
13
0
0
0
0
16
7
0
1
91
43
16
24
71
95
28
20
11
171
40
6
71
91
32
8
56
0
8
2
0
0
0
0
0
0
0
0
126
0
6
8
119
76
24
11
6
166
58
4
36
115
54
5
32
24
21
9
2
0
0
0
0
0
0
0
117
10
9
4
88
118
30
6
0
171
55
0
2
125
70
3
8
84
50
6
38
101
17
12
0
0
2
2
88
30
13
13
56
131
31
10
0
152
48
0
0
125
65
0
0
113
47
0
158
96
41
11
8
33
3
30
23
52
9
32
29
127
16
26
12
109
35
14
35
63
24
22
30
24
11
25
199
3
32
0
57
61
1
127
12
35
4
41
12
19
0
23
15
20
0
13
32
42
13
27
45
138
37
66
170
86
90
28
