0
0
0
0
38
10
21
11
44
99
101
30
0
138
77
17
24
69
11
28
17
1
0
10
0
0
0
0
0
0
0
0
49
0
0
9
71
74
14
17
8
209
47
14
91
91
33
39
51
1
5
11
0
0
0
0
0
0
0
0
48
0
1
3
86
58
16
16
28
177
40
17
77
80
41
10
45
22
14
1
4
43
1
0
0
3
3
0
26
17
18
3
53
55
37
15
17
124
37
10
24
150
53
5
12
127
31
0
107
165
18
10
8
157
27
12
8
96
62
4
8
82
31
7
11
78
18
7
13
74
13
4
3
75
9
27
170
50
47
31
33
122
26
35
11
55
20
26
35
33
13
59
61
28
2
47
62
33
0
43
21
22
3
30
132
35
37
44
21
25
3
43
33
100
11
66
81
69
13
35
49
110
1
68
32
194
10
66
49
174
28
43
117
71
91
7
