3
0
1
0
4
30
11
1
68
71
26
1
108
96
24
18
33
116
33
10
43
81
33
11
32
20
10
8
3
0
1
0
40
39
17
6
29
67
30
10
5
141
37
5
18
116
31
5
71
13
35
3
25
0
11
0
0
0
0
0
55
0
9
10
57
51
17
15
5
151
31
7
10
121
48
5
43
39
31
1
5
2
3
0
0
0
0
0
69
0
0
3
64
46
18
12
12
111
47
14
8
125
46
7
13
97
38
0
8
65
5
2
0
3
2
1
72
1
0
1
60
26
16
6
4
107
56
7
2
145
60
1
2
134
44
0
88
122
16
18
78
9
15
18
85
2
16
11
55
45
27
9
13
101
38
8
24
101
34
7
26
75
19
6
183
27
22
18
161
81
124
4
139
26
35
16
110
36
31
17
58
57
18
23
111
51
7
23
78
118
6
46
148
130
100
20
