3
0
1
0
22
3
43
0
38
55
137
0
35
106
97
0
26
113
27
8
46
31
8
7
0
0
0
0
8
0
1
1
70
7
34
15
49
64
49
18
4
153
71
0
81
106
59
4
103
17
22
4
0
0
0
0
10
0
1
1
102
5
10
13
57
135
28
18
0
193
62
1
40
117
61
0
35
12
21
0
0
0
0
0
21
0
1
0
108
11
14
5
55
138
24
11
0
182
39
1
0
69
29
0
0
73
29
0
41
118
20
15
29
0
2
1
83
38
29
10
10
161
42
7
0
165
49
0
0
127
47
0
12
100
44
0
128
74
59
13
13
15
2
4
49
63
11
15
12
135
17
14
0
98
18
10
0
112
16
10
20
106
20
12
99
41
70
20
32
191
8
99
11
81
10
12
4
100
0
24
0
52
0
12
0
136
26
20
52
178
95
23
58
53
90
15
