17
6
6
7
22
74
38
8
36
134
88
14
30
176
53
9
19
135
18
8
37
52
21
20
2
0
2
4
45
5
3
9
76
65
13
30
6
172
26
18
0
238
23
5
26
199
14
15
80
40
13
31
11
0
2
7
56
0
0
0
78
43
7
8
6
180
23
9
0
217
19
0
4
192
16
12
29
61
28
30
15
2
10
11
56
0
0
0
96
40
14
6
18
184
16
4
0
207
5
0
0
201
3
4
3
165
25
7
6
54
14
8
44
6
7
3
82
67
22
11
17
184
11
6
0
209
11
0
0
212
12
0
1
212
16
3
43
167
10
30
41
39
7
27
20
88
13
31
13
130
2
35
19
125
9
31
21
128
7
40
17
111
16
40
117
77
60
26
93
104
0
51
17
30
0
33
50
53
0
45
28
29
0
35
29
74
4
57
29
145
89
69
55
58
133
8
