18
1
3
2
53
45
36
8
72
117
74
19
23
126
36
9
0
85
5
6
8
79
11
4
12
24
8
6
28
1
3
4
86
17
13
30
40
127
14
31
1
167
0
26
15
149
13
13
42
59
44
7
17
19
15
3
10
0
1
3
85
9
11
19
75
86
14
13
10
113
10
15
30
112
27
11
34
42
29
3
4
4
4
0
9
0
2
1
96
6
8
6
64
107
9
8
10
181
16
3
12
142
24
12
18
98
8
20
8
9
4
7
16
0
1
1
73
32
8
7
19
149
10
8
0
201
7
0
0
194
5
1
7
173
6
8
37
136
4
27
41
51
0
22
33
71
0
20
31
125
0
18
26
110
0
12
11
116
9
20
12
114
4
16
140
89
28
21
46
92
0
66
21
40
0
19
39
60
0
23
53
92
0
49
46
186
15
59
68
180
34
38
112
102
124
2
