22
5
35
2
46
75
111
2
28
123
64
21
8
74
13
9
19
45
8
0
10
2
2
0
0
0
0
0
34
21
39
22
24
44
44
38
20
90
33
11
13
78
20
5
69
19
15
3
15
2
3
0
0
0
0
0
23
13
3
15
59
51
15
35
4
96
60
12
23
83
56
6
51
24
30
17
7
3
3
3
0
0
0
0
30
0
0
2
81
26
7
10
4
60
22
4
6
37
24
5
12
70
21
25
6
73
15
14
30
106
13
23
30
0
0
2
74
0
0
6
1
7
12
0
1
44
23
0
10
70
23
7
23
113
26
12
165
104
30
25
41
30
13
30
72
18
4
8
25
42
25
30
47
51
29
23
52
37
15
20
84
16
15
27
209
9
48
18
88
103
10
91
35
52
5
18
21
50
4
41
40
38
1
35
39
10
1
16
50
48
15
33
186
70
99
21
