5
0
1
0
17
13
26
0
28
76
87
5
34
155
90
9
20
137
20
9
43
89
3
5
28
8
0
0
14
0
1
1
60
13
18
5
11
88
33
6
9
124
39
8
42
100
51
29
87
33
26
12
43
0
3
0
9
0
0
1
78
5
3
8
26
60
12
4
0
108
22
2
18
128
44
10
52
47
28
5
14
0
4
0
0
0
0
0
85
3
3
1
49
80
18
9
1
176
31
2
12
156
34
0
9
69
12
0
3
64
1
6
0
0
0
0
72
24
3
9
31
145
25
13
4
195
32
5
2
169
21
0
2
129
19
0
75
122
0
33
0
15
13
8
15
48
9
20
11
120
21
16
0
132
30
14
0
112
23
15
9
87
7
13
183
32
24
13
29
115
36
72
8
93
25
30
8
100
31
19
0
93
31
18
25
77
18
60
31
117
27
77
120
75
131
18
