8
0
8
0
8
27
41
0
0
74
42
0
0
69
51
0
30
76
23
23
24
75
13
28
44
55
0
27
38
0
10
0
55
5
24
4
4
55
14
7
0
86
11
7
4
82
9
7
10
26
12
8
82
9
24
7
56
0
0
0
76
23
5
6
6
111
11
22
0
153
8
7
6
127
18
11
32
39
30
11
43
5
40
0
54
0
6
0
71
29
11
11
6
116
9
15
0
157
0
3
8
120
8
8
25
79
24
12
24
61
26
15
57
0
15
0
41
8
12
3
3
27
5
3
0
49
3
0
2
53
3
2
2
52
2
4
29
77
22
50
126
55
4
13
27
78
10
11
9
79
7
13
26
72
15
7
44
113
1
20
18
83
8
13
72
76
54
36
208
43
18
51
63
84
2
51
73
83
3
59
56
47
1
40
63
52
0
71
53
119
31
51
77
48
133
0
