2
1
5
0
19
27
40
0
28
123
74
1
39
149
58
16
14
88
34
14
14
57
9
16
12
2
0
6
15
10
12
3
61
38
45
26
37
76
27
18
10
177
24
5
21
156
37
12
95
48
18
31
39
2
5
6
6
9
2
3
72
11
2
47
74
48
6
36
12
149
39
12
31
136
19
8
102
28
15
11
23
2
5
0
0
0
0
0
67
1
0
18
90
70
17
33
32
118
17
23
21
115
22
10
18
73
8
9
4
36
0
6
0
0
0
0
42
1
0
9
91
55
19
27
37
97
43
11
12
155
29
10
5
177
15
3
85
152
0
37
3
42
13
48
24
56
0
22
23
112
10
33
24
117
23
28
12
99
12
41
24
93
5
18
223
30
0
15
3
103
10
82
7
86
0
25
0
113
0
33
6
66
0
24
7
62
0
41
4
124
8
40
240
196
63
29
