0
8
3
3
4
36
8
6
15
113
93
3
18
132
142
0
21
99
49
9
36
41
3
14
11
0
0
1
0
16
3
5
31
68
17
42
43
120
58
21
5
176
61
4
51
101
35
7
119
20
20
9
12
0
1
1
0
1
0
1
78
2
4
8
91
47
46
20
4
151
54
5
39
125
70
0
57
42
43
0
6
17
9
0
2
0
0
0
83
0
16
1
70
43
45
8
7
112
72
1
24
122
72
0
25
144
59
0
23
130
20
11
13
0
5
0
73
13
37
3
43
105
51
7
29
118
87
0
23
143
82
0
18
116
66
0
138
118
14
22
24
79
24
9
51
97
74
16
19
164
60
7
19
129
78
10
8
62
43
3
3
28
11
0
199
0
35
2
31
187
38
110
15
145
45
75
8
66
15
13
19
32
11
20
3
1
1
3
20
46
16
0
119
71
114
0
