0
3
1
0
38
16
46
4
85
69
111
5
34
105
48
3
8
106
43
13
33
30
18
21
9
0
1
0
25
3
1
3
56
18
31
7
15
67
43
11
0
146
51
11
21
87
39
9
72
4
15
5
9
0
1
0
37
0
0
3
73
9
6
8
0
87
38
13
0
160
37
9
13
89
31
7
30
31
22
3
2
4
0
0
33
0
3
0
83
36
21
8
5
126
35
4
3
144
54
3
0
144
48
20
12
138
14
6
8
28
3
5
49
0
3
0
69
64
13
6
8
170
43
5
6
169
38
3
8
144
39
5
2
139
25
10
64
142
10
32
40
25
1
12
47
78
16
15
5
134
26
21
9
137
16
20
15
88
22
35
11
56
11
38
154
53
51
16
56
78
11
143
24
43
9
66
15
63
12
74
33
37
4
52
20
15
2
35
21
44
32
49
128
41
138
15
