6
68
27
33
9
105
13
31
27
170
22
51
17
130
4
39
4
62
0
20
6
12
0
18
1
0
0
1
38
13
4
19
63
22
11
22
14
59
29
18
4
133
5
28
10
115
6
29
53
17
3
31
17
0
0
1
56
0
0
0
79
5
6
2
13
19
8
10
16
53
5
10
28
75
17
16
47
25
16
12
17
0
1
0
35
0
0
3
71
8
5
22
33
58
23
24
18
36
9
11
25
81
15
15
11
48
4
19
11
1
1
5
7
0
0
3
65
5
2
22
21
75
6
38
20
116
6
32
6
116
9
13
24
116
12
20
16
24
4
12
26
53
10
13
50
39
2
21
22
92
3
15
7
117
7
17
4
149
8
21
2
165
6
17
32
90
3
73
82
109
25
86
64
78
37
47
60
49
24
53
42
103
15
74
64
80
14
60
66
87
21
64
154
127
76
65
