0
0
0
0
20
8
0
4
53
111
36
24
39
184
42
23
6
85
2
17
4
42
0
14
4
2
0
10
0
0
0
0
0
0
0
4
46
21
20
11
51
103
24
10
6
125
9
10
30
37
22
19
21
2
11
10
0
0
0
0
13
0
5
0
73
19
39
5
43
141
17
11
4
168
11
5
31
63
17
3
9
2
7
0
0
0
0
0
41
0
15
0
78
49
29
8
22
184
6
12
0
216
0
8
4
126
8
2
1
6
2
1
27
4
14
7
32
18
7
7
39
106
10
11
6
182
4
4
0
187
1
8
1
166
2
13
47
125
22
40
159
3
48
8
54
21
15
20
68
35
28
15
40
39
21
2
24
47
27
28
18
52
10
22
98
65
94
21
236
70
25
21
63
25
12
14
69
22
12
15
65
18
20
13
68
40
28
50
52
77
35
70
79
30
94
5
