9
0
6
3
56
45
73
6
56
99
101
12
20
84
42
10
19
78
38
7
40
40
21
3
0
0
0
0
25
0
6
3
82
23
37
20
21
106
91
10
17
141
85
13
71
87
54
12
85
20
24
9
0
0
0
0
29
0
0
1
90
15
14
5
15
58
51
8
14
134
81
9
78
104
86
12
81
23
25
5
0
29
1
0
19
0
1
2
72
27
11
14
15
135
37
7
11
132
75
2
28
100
78
4
23
87
50
2
68
123
22
7
6
0
1
1
59
47
24
16
25
135
57
5
4
148
58
0
0
100
67
1
0
75
48
1
181
47
33
9
21
39
1
33
26
80
20
30
28
133
29
16
22
102
22
14
22
42
17
15
34
35
8
37
176
10
58
6
99
52
15
60
21
35
1
45
42
48
0
24
31
65
8
24
20
174
16
18
21
216
39
30
148
71
93
12
