17
2
10
1
31
29
57
1
56
97
55
6
67
176
10
11
35
100
2
25
18
5
0
11
0
0
0
0
21
4
8
1
66
11
13
8
73
61
9
17
28
136
13
19
63
47
16
16
51
2
6
11
0
0
0
0
0
1
1
0
81
1
4
2
87
46
30
21
25
122
39
26
47
77
21
13
43
79
16
12
22
44
4
10
0
0
0
0
88
1
6
5
76
41
59
28
14
138
37
5
6
168
26
4
29
133
42
24
79
109
17
35
0
26
0
2
70
17
7
12
39
75
25
19
0
118
40
2
1
114
30
1
1
102
27
2
151
48
19
20
10
120
1
69
18
54
7
25
10
117
17
12
1
165
10
6
6
75
6
11
8
98
18
12
143
50
20
11
4
56
1
51
6
66
7
25
4
44
1
7
1
76
0
5
3
46
1
6
44
57
14
13
167
64
86
13
