0
0
0
0
31
17
16
4
31
88
74
7
21
190
48
25
20
90
15
29
19
13
11
3
0
0
0
0
0
0
0
0
66
3
2
7
57
54
17
14
31
93
32
26
39
38
45
12
12
8
11
1
0
0
0
0
0
0
0
0
71
0
7
0
60
23
9
10
28
58
18
20
31
77
22
12
11
16
6
5
0
0
0
0
0
0
0
0
76
20
5
1
56
111
9
14
1
200
1
16
9
189
8
14
9
117
11
7
23
119
4
12
12
28
10
10
25
32
6
13
15
101
5
15
6
129
4
5
17
129
10
22
16
136
14
20
150
108
14
16
100
47
27
26
39
21
10
40
29
19
11
49
45
21
13
25
52
34
8
24
60
31
16
21
172
0
37
1
40
30
21
13
20
9
1
14
17
18
9
20
11
18
2
15
11
21
1
7
49
39
49
1
100
24
141
1
