2
12
0
0
17
79
5
39
6
216
12
66
0
247
18
31
6
117
17
12
23
54
8
1
13
4
3
0
8
48
0
0
12
133
16
9
25
103
27
17
8
161
37
4
25
109
29
3
67
19
19
1
23
4
3
0
2
14
0
2
20
77
12
27
20
58
20
20
9
86
24
5
3
97
24
0
27
23
24
0
10
0
0
0
2
2
0
2
26
63
12
21
23
62
22
17
11
144
31
4
6
165
23
0
4
76
13
1
11
88
7
10
6
30
8
0
28
86
23
5
36
88
31
11
8
160
38
4
2
171
25
0
2
133
24
1
131
101
13
21
81
89
8
0
6
121
16
17
7
131
21
43
4
111
13
34
6
81
6
25
5
90
4
23
181
52
15
18
103
62
14
21
0
11
0
15
4
55
0
45
6
70
0
44
16
122
0
64
14
192
11
93
137
154
89
46
