6
0
0
0
10
29
16
1
2
63
53
2
34
126
108
12
65
124
39
8
24
4
0
0
0
0
0
0
6
0
0
0
46
42
10
4
41
64
27
12
14
176
47
11
88
94
24
16
50
4
0
4
0
0
0
0
0
0
0
0
49
0
6
1
74
45
44
13
15
178
55
12
41
128
33
14
24
14
6
6
0
37
1
0
0
0
0
0
64
0
11
1
53
53
45
9
11
162
62
11
0
149
40
11
5
101
32
4
47
124
23
4
6
4
0
0
55
37
25
1
35
110
46
9
3
156
40
3
5
122
39
2
25
89
23
7
152
31
32
9
36
75
0
47
34
79
9
34
11
68
18
35
22
81
22
43
13
44
7
32
33
51
4
54
155
26
8
53
78
66
13
89
36
56
14
58
7
59
10
58
7
30
11
34
8
30
15
33
7
21
12
22
156
57
105
52
