4
3
3
0
14
22
35
3
42
91
111
10
38
101
75
14
21
72
37
16
12
16
9
7
0
0
0
0
6
12
3
1
48
43
29
14
21
89
45
9
11
164
64
17
80
83
42
19
21
29
8
2
4
28
0
0
0
5
0
1
83
13
5
7
43
115
40
12
21
161
72
10
36
116
49
17
11
117
18
0
23
103
22
0
13
0
1
0
77
5
20
2
30
92
48
8
5
143
50
2
0
138
34
0
0
156
30
0
38
151
20
19
26
1
4
3
83
21
38
8
13
116
66
5
0
142
42
0
0
147
29
0
0
125
29
2
166
98
10
24
51
47
7
17
26
56
38
24
10
129
34
3
6
117
13
0
6
87
11
10
5
144
9
24
141
87
33
25
59
58
6
31
5
61
14
16
8
74
8
0
4
68
6
0
24
60
0
40
36
125
32
85
99
97
85
21
