5
0
3
0
25
29
51
1
34
96
84
8
33
166
50
13
28
141
16
33
39
21
7
27
0
0
0
0
6
0
3
3
63
42
25
24
19
157
38
8
4
194
35
9
63
88
35
32
70
7
26
7
0
0
0
0
1
0
0
3
67
14
4
15
29
98
57
12
9
139
54
16
31
76
40
17
19
87
27
9
20
52
0
16
0
0
0
0
80
6
1
1
34
45
48
3
6
90
61
7
2
106
30
6
2
126
17
9
29
86
0
21
0
0
0
0
89
7
19
5
49
68
62
5
0
117
63
0
0
138
38
0
0
151
9
4
43
113
2
64
9
40
11
32
52
16
28
40
39
75
55
47
22
96
39
33
23
101
16
38
1
54
11
20
111
46
68
35
33
59
12
112
40
35
3
72
26
39
4
55
26
51
1
40
16
86
33
33
4
119
120
27
34
51
151
0
