9
0
1
0
18
23
28
1
9
99
129
13
10
149
93
16
10
131
19
2
33
82
2
19
18
3
0
7
20
0
1
1
81
16
16
7
23
124
39
10
0
198
37
1
10
223
27
4
82
98
19
21
44
3
0
13
11
0
0
1
87
8
4
13
37
120
30
11
0
170
33
1
6
135
30
5
42
76
32
14
36
12
11
7
0
0
0
0
84
3
2
5
37
82
10
11
5
157
23
9
6
88
24
6
18
101
29
22
8
34
12
6
0
6
2
0
62
20
1
9
32
120
18
14
12
131
26
11
6
164
21
5
3
175
8
10
41
108
5
60
71
25
15
47
42
48
0
20
39
75
9
19
48
89
10
19
29
103
11
29
9
96
8
23
179
46
5
46
147
19
4
72
43
39
0
40
34
38
0
34
44
44
1
27
31
132
24
35
20
263
36
45
210
194
78
12
