12
17
39
4
40
69
112
17
25
108
76
15
0
114
26
0
19
101
35
9
30
24
15
11
0
0
0
0
18
26
27
15
53
61
36
30
11
162
52
5
6
181
55
6
60
98
64
18
48
15
37
6
0
0
0
0
27
6
9
6
58
48
25
19
10
144
64
8
8
174
74
6
51
77
56
8
18
3
15
0
0
0
0
0
27
6
2
3
87
35
15
13
11
127
66
8
0
164
86
0
18
128
40
0
6
62
11
3
6
68
4
16
28
3
3
2
86
44
21
11
11
153
68
10
0
152
76
0
0
148
34
0
0
131
20
3
89
136
26
51
53
26
30
3
24
60
25
19
8
109
40
45
11
62
23
28
8
51
8
27
14
71
3
26
146
85
52
21
140
86
42
0
0
3
5
8
6
28
5
57
15
34
0
37
7
50
4
41
28
123
44
33
106
92
115
23
