26
23
32
1
17
106
96
1
7
127
125
1
9
116
76
1
4
131
51
10
42
56
23
31
15
0
0
5
65
37
25
25
37
109
38
14
4
126
92
4
5
150
92
5
3
119
47
7
82
14
18
6
31
0
0
1
62
11
0
13
48
121
28
17
17
173
82
8
13
144
90
3
7
106
41
8
83
16
12
5
29
0
3
0
73
0
1
0
59
60
40
5
8
131
87
4
13
126
86
1
11
133
69
3
37
84
58
3
61
92
36
27
81
0
2
1
83
60
62
15
8
135
87
4
8
136
90
0
0
143
63
0
5
101
58
0
156
62
73
19
52
62
11
19
89
86
37
24
35
127
66
14
11
114
45
16
14
85
20
27
21
42
28
13
96
25
115
0
4
143
13
106
55
108
14
93
71
99
13
81
34
88
3
53
95
99
0
36
135
74
58
25
43
29
74
0
