3
0
5
0
30
26
68
4
47
119
139
5
21
148
83
0
19
126
26
15
40
33
5
20
0
0
0
0
38
0
11
1
103
43
54
6
28
137
64
5
4
170
69
1
63
125
58
18
79
14
24
9
0
0
0
0
68
0
7
1
67
58
21
6
0
181
49
2
6
162
62
4
42
102
68
10
30
25
28
3
0
0
0
0
80
0
1
1
79
58
32
5
1
157
69
3
2
154
49
11
9
122
27
10
20
71
33
0
32
82
25
15
70
4
1
7
72
77
37
18
12
170
66
6
0
175
41
6
1
171
35
9
1
143
41
1
150
84
31
35
61
27
20
6
18
66
14
18
18
116
30
20
30
91
14
11
18
70
13
23
17
52
10
41
211
11
30
8
80
68
70
0
0
8
8
8
21
43
10
34
34
32
0
20
19
46
1
60
24
139
21
94
171
122
122
11
