7
19
5
9
9
62
29
14
13
143
98
12
25
180
86
19
35
94
32
9
23
23
11
3
0
0
0
0
7
19
5
9
49
65
27
35
35
154
47
14
0
193
62
1
65
131
53
11
73
16
17
4
0
0
0
0
2
0
0
0
72
14
13
11
63
130
46
15
0
195
64
1
53
119
59
5
41
17
21
1
1
0
1
0
0
0
0
0
68
5
14
15
78
98
52
14
0
195
63
0
1
181
58
0
5
119
46
0
32
95
27
24
3
0
1
0
74
16
19
7
63
118
54
11
4
162
74
0
5
159
62
2
1
129
46
2
137
77
56
36
19
18
1
12
46
48
27
11
21
137
49
25
12
103
41
18
69
67
22
30
26
36
5
21
193
5
47
3
75
120
0
139
58
104
2
76
24
123
13
96
34
72
12
40
46
50
0
22
23
129
0
60
123
108
57
30
