7
0
5
0
36
10
52
0
48
73
71
24
13
166
26
13
14
159
12
9
39
61
16
14
6
4
2
0
15
4
11
0
60
11
29
4
43
72
27
10
11
192
32
3
39
142
26
11
75
14
23
6
6
0
2
0
4
4
4
0
81
4
4
1
56
67
30
11
10
199
41
4
26
154
46
16
32
18
31
13
0
0
0
0
0
0
0
0
80
0
0
0
58
71
33
6
12
181
42
3
3
167
35
13
6
79
14
21
2
40
2
4
0
0
0
0
65
24
7
0
54
99
22
9
9
175
33
3
0
166
25
1
0
168
13
1
96
157
7
20
29
74
2
59
40
65
5
30
26
98
14
32
19
101
17
29
12
89
13
26
28
73
6
29
176
30
43
11
31
84
8
57
21
47
9
27
18
39
0
37
22
34
5
27
53
82
7
110
38
130
69
67
77
62
146
5
