9
5
12
0
19
43
63
7
41
113
113
19
25
151
55
13
6
152
37
1
41
87
39
17
23
4
7
8
45
5
13
9
61
45
40
36
6
127
44
15
0
151
51
0
12
124
65
7
78
29
40
5
24
0
8
0
50
0
0
10
88
25
21
24
17
129
55
7
0
168
68
0
26
107
69
10
72
16
31
9
11
0
3
0
55
0
0
1
120
14
22
10
44
97
66
21
1
155
71
1
32
126
56
10
59
60
29
14
22
87
12
19
56
0
0
0
125
16
15
12
43
121
58
14
1
170
76
1
13
134
66
5
12
89
44
5
131
74
29
32
40
71
0
33
66
89
5
16
28
123
45
20
15
108
39
24
46
75
22
23
41
33
18
24
164
3
57
4
50
90
0
104
41
88
2
51
37
53
3
27
59
39
10
40
50
29
7
18
52
102
39
43
101
45
119
9
