0
14
6
0
2
30
49
1
2
93
98
1
0
167
121
0
12
152
86
2
12
85
33
4
56
51
21
0
26
50
25
5
20
55
48
17
14
99
75
8
0
164
77
1
3
163
58
4
27
70
35
8
73
11
16
0
15
18
6
5
55
17
6
28
41
87
48
18
0
170
64
2
4
162
48
4
36
75
31
6
45
35
16
6
0
0
0
0
70
0
1
5
79
73
19
13
8
166
35
3
1
148
55
0
9
147
52
0
12
149
64
15
0
0
0
0
66
0
11
1
70
78
14
8
8
163
37
4
0
161
61
0
0
160
58
0
86
156
64
8
8
22
6
0
48
48
20
2
26
133
24
9
0
177
43
4
0
136
45
5
3
124
38
3
210
70
25
11
175
110
53
4
6
75
16
71
0
123
30
93
0
117
33
80
0
153
7
100
13
225
24
70
200
206
32
20
