18
2
12
0
31
44
62
7
70
92
65
21
53
147
22
18
4
134
4
6
22
74
0
14
27
9
0
8
53
0
8
5
113
16
20
21
55
102
13
36
23
166
15
22
6
115
7
18
39
41
4
20
54
13
5
4
54
0
0
2
150
27
0
11
34
155
2
19
0
197
2
21
9
149
8
30
16
56
11
19
10
11
4
1
52
0
5
1
104
49
11
14
19
148
11
16
0
177
2
17
4
170
12
14
23
84
12
9
5
3
2
0
33
3
4
12
46
69
8
31
6
170
3
13
0
177
3
12
0
177
7
8
6
161
8
1
33
103
6
36
14
66
0
50
10
107
0
39
3
134
0
41
14
140
2
50
10
126
2
44
12
143
10
41
149
78
19
66
15
104
7
82
14
63
7
30
3
79
3
53
10
42
4
50
24
69
0
61
22
148
8
96
207
152
100
51
