6
6
6
6
9
52
17
6
3
191
31
25
6
313
24
57
25
227
20
48
21
121
4
12
24
31
5
12
14
6
6
12
49
36
14
31
28
152
13
7
0
203
17
4
3
180
17
20
77
110
8
23
103
16
9
10
4
0
0
4
89
8
4
15
47
141
9
19
0
224
10
6
3
194
12
17
76
104
31
11
84
10
28
0
0
0
0
0
66
5
11
20
49
120
21
20
0
228
10
8
2
225
14
13
14
114
33
11
10
10
16
0
2
0
1
1
51
7
18
16
55
115
21
19
0
209
15
8
2
179
21
12
6
130
9
9
14
90
0
18
31
49
11
25
48
30
21
27
32
79
36
23
3
142
8
19
2
156
15
11
1
142
5
8
115
88
0
57
159
92
129
38
39
72
18
85
46
59
33
82
74
24
28
40
52
44
13
61
39
133
10
76
237
199
37
37
