1
12
3
0
2
31
26
3
18
56
83
5
47
149
111
3
23
146
42
3
31
88
10
15
27
11
3
7
16
12
16
18
47
57
42
30
22
96
50
14
0
159
47
2
8
165
26
5
79
44
27
8
43
0
11
2
40
0
2
14
103
20
6
31
39
133
45
19
0
195
55
0
19
126
48
11
72
31
33
8
27
13
10
0
56
0
0
0
95
42
8
11
18
149
40
11
0
189
57
0
27
132
51
6
38
102
41
11
30
64
16
6
50
0
6
0
80
43
27
10
15
152
49
8
0
173
47
0
0
161
41
0
1
143
36
0
64
123
21
34
65
47
9
17
49
72
39
22
9
145
34
18
11
131
21
9
4
138
20
14
4
110
18
14
181
40
21
22
55
121
3
47
25
84
14
33
5
96
6
31
26
55
1
20
12
68
2
24
10
195
13
42
229
183
67
11
