0
0
0
0
21
45
26
0
16
212
86
0
18
238
58
0
40
123
26
5
50
47
3
4
0
0
0
0
0
0
0
0
79
36
9
12
47
179
14
10
0
225
26
1
63
148
29
10
99
14
14
7
0
0
0
0
0
0
0
0
92
12
3
7
76
112
15
13
0
196
35
1
39
122
52
5
60
21
24
3
2
2
0
0
0
0
0
0
83
13
12
6
46
150
23
11
0
211
49
0
5
190
33
0
31
73
32
0
7
2
3
0
0
0
0
0
83
30
7
10
40
144
30
10
0
199
29
0
0
202
28
0
7
173
26
0
41
123
10
36
3
4
0
1
31
50
3
18
28
142
9
29
9
137
12
24
20
125
19
12
10
91
15
6
145
64
32
29
11
126
0
105
20
56
0
50
22
49
0
41
15
52
0
39
34
101
0
33
28
196
24
20
105
88
135
0
