12
12
12
0
9
52
72
3
20
153
120
9
24
143
48
7
19
57
3
7
14
4
0
2
0
0
0
0
57
11
10
10
41
88
42
17
7
173
57
11
19
156
33
18
69
73
13
17
39
4
5
4
0
0
0
0
59
0
1
10
73
71
32
24
8
182
65
5
6
208
26
2
54
103
37
6
25
8
9
2
0
0
0
0
52
0
0
4
95
57
22
14
9
158
45
6
0
194
32
0
8
170
25
5
11
54
8
7
0
14
0
2
38
0
0
4
64
75
18
23
5
190
36
7
0
187
37
0
2
171
27
0
2
161
3
2
38
126
0
58
11
44
0
21
28
54
5
25
11
124
12
25
2
96
15
21
4
89
10
27
7
67
5
9
101
81
70
42
31
109
0
84
51
31
0
24
13
35
0
28
2
25
1
24
9
52
29
36
15
77
121
13
35
70
137
0
