0
0
0
0
25
0
25
8
36
94
95
9
23
190
78
7
9
132
8
7
15
50
0
15
7
0
0
3
0
0
0
0
48
0
13
13
90
76
38
22
4
183
34
9
16
156
20
26
91
42
20
31
18
0
3
3
0
0
0
0
42
0
13
9
52
98
29
13
0
198
34
6
19
131
59
31
48
25
47
12
11
0
3
0
0
0
0
0
72
3
8
1
71
106
26
5
0
211
42
1
5
138
39
6
3
14
15
2
0
0
0
0
0
0
0
0
82
6
14
4
67
97
27
7
0
174
42
0
2
148
36
4
1
133
22
2
57
140
26
19
24
47
11
36
48
40
45
23
37
99
25
25
19
126
27
20
17
119
29
19
12
102
21
15
147
76
66
11
32
114
19
97
13
52
22
35
21
85
5
53
32
53
3
30
16
30
2
18
34
39
40
21
122
18
157
7
