26
22
3
3
23
81
31
1
0
135
57
2
2
217
82
31
15
154
29
36
28
26
0
10
10
2
0
4
64
18
3
11
112
76
17
15
14
170
16
4
0
189
9
26
18
128
6
36
106
41
13
14
31
2
5
4
60
0
0
4
158
55
0
13
35
226
7
4
0
222
5
27
14
146
22
44
51
29
46
6
13
0
5
0
36
8
0
0
82
106
1
7
19
231
11
3
0
225
18
17
14
113
28
9
14
20
23
1
0
0
0
0
4
44
1
7
4
166
8
10
0
202
6
0
0
183
12
3
2
160
16
4
7
97
6
42
16
28
0
48
8
45
52
5
11
82
41
18
15
99
3
37
19
88
3
56
10
57
6
43
13
76
9
52
80
54
23
71
48
110
132
0
9
12
41
4
16
31
2
51
23
84
10
93
18
105
38
57
40
123
91
22
93
160
40
83
