13
7
0
6
38
70
15
17
14
151
104
5
0
154
94
20
4
114
15
15
19
38
2
17
9
0
0
1
29
5
0
6
87
45
10
24
19
141
42
14
2
190
49
1
38
115
45
8
72
29
37
12
12
0
1
1
32
0
0
0
117
29
11
17
29
159
30
26
13
168
34
9
57
44
81
0
29
4
37
0
3
0
1
0
29
0
5
0
93
50
19
16
15
190
37
20
23
173
51
11
20
75
34
1
2
66
12
0
2
74
0
18
37
8
5
0
72
80
27
9
5
183
43
5
2
170
49
1
2
151
23
2
2
127
14
1
79
108
21
40
22
61
0
21
26
79
7
26
13
103
17
35
18
80
13
25
8
50
5
17
31
68
22
33
111
30
94
11
8
159
5
62
6
59
2
39
14
82
0
54
21
70
6
23
10
136
28
34
46
140
83
49
91
27
96
10
