6
3
5
2
6
26
28
2
13
80
97
2
40
147
106
1
17
115
18
4
15
67
13
13
12
6
6
6
22
3
5
6
55
29
25
15
13
141
46
8
1
221
37
1
13
191
32
8
63
53
35
15
32
5
10
5
29
0
0
3
86
26
9
17
19
165
35
11
0
232
36
0
20
181
31
6
49
38
37
4
14
0
4
0
31
0
0
1
85
17
5
9
6
134
30
14
0
200
36
0
7
219
26
0
7
157
24
0
0
60
4
0
22
0
0
0
66
27
2
13
16
165
11
14
0
219
25
0
0
205
35
0
9
192
19
2
62
133
10
15
30
66
10
36
29
54
0
25
15
138
2
25
12
170
11
27
18
140
13
31
36
105
8
35
175
25
12
20
24
83
6
57
22
51
0
27
14
56
7
25
15
40
3
22
23
118
0
35
51
199
50
62
161
108
106
21
