0
0
0
0
13
2
11
0
74
72
31
25
33
136
57
42
22
117
21
14
21
51
9
3
2
2
2
0
0
0
0
0
29
29
26
4
27
75
40
12
28
150
57
13
84
86
24
14
94
21
18
3
2
2
2
0
0
0
0
0
47
16
3
4
71
87
42
14
15
171
72
8
93
63
43
3
72
8
20
0
0
0
0
0
0
0
0
0
56
0
0
0
90
72
40
8
6
170
81
5
36
149
57
0
14
108
26
0
48
128
13
21
0
0
0
0
36
4
0
0
49
93
15
5
1
141
56
2
0
124
41
1
0
117
20
1
197
69
12
16
14
52
15
63
17
22
7
34
12
60
2
32
3
113
6
26
18
54
13
27
19
53
9
37
210
10
24
6
70
50
14
116
47
28
13
76
14
37
2
37
1
37
0
14
34
26
6
38
66
110
15
81
149
116
104
19
