4
34
2
0
6
30
24
0
22
67
96
5
24
180
88
18
12
153
6
11
10
86
0
28
10
6
0
22
43
152
18
7
26
52
34
14
14
95
42
11
3
184
29
14
0
183
15
20
71
85
6
38
86
6
6
24
39
33
11
5
80
19
26
13
10
102
41
9
0
176
21
7
20
143
18
19
109
35
31
11
93
0
19
0
51
0
3
0
103
37
20
18
16
148
31
19
0
175
23
0
33
134
37
0
65
50
59
0
27
3
16
0
30
1
0
5
53
66
14
23
8
179
17
6
0
193
15
0
5
151
48
0
12
111
26
5
0
61
1
18
3
194
16
7
3
156
18
9
0
168
17
1
2
159
28
3
2
145
27
4
0
128
12
6
80
110
10
62
53
130
10
37
54
91
4
41
31
93
6
44
60
77
6
53
49
51
12
56
38
99
41
52
110
105
135
24
