3
7
14
0
11
34
49
2
31
129
72
6
27
207
73
1
24
131
33
4
21
63
8
16
18
7
3
8
16
29
19
8
27
43
24
12
15
48
30
9
2
133
61
12
24
112
46
20
74
28
32
12
38
5
10
5
1
10
0
3
81
12
2
7
39
56
21
4
2
129
26
7
33
93
38
22
56
37
32
7
28
109
14
11
7
0
1
0
82
3
9
2
43
84
18
9
1
160
30
1
12
140
34
2
10
134
28
4
19
189
17
29
8
0
1
1
54
11
9
22
22
96
41
21
2
195
29
2
0
163
37
0
10
137
29
6
55
76
18
57
16
49
0
47
12
82
5
43
9
146
23
32
10
112
21
31
10
80
9
25
36
27
18
9
125
9
58
10
28
78
0
68
3
56
2
19
4
102
2
24
20
75
7
40
16
79
8
43
54
77
61
12
123
33
86
0
