4
1
9
0
7
23
42
0
14
105
119
0
42
138
86
2
33
70
24
5
18
7
7
0
0
0
0
0
14
13
11
0
37
62
37
10
20
133
34
9
19
175
36
6
91
67
47
9
22
5
11
0
0
0
0
0
13
8
3
2
55
30
19
14
15
85
15
9
15
182
37
20
61
73
31
25
10
20
3
1
0
4
0
0
15
0
4
5
53
26
23
24
9
149
32
8
1
185
41
11
10
144
33
23
5
95
17
1
0
17
5
2
15
0
4
3
82
26
18
18
23
113
34
8
0
150
34
0
0
162
26
0
2
154
24
2
65
133
23
31
12
18
3
5
62
25
25
16
25
111
33
17
11
120
24
17
6
104
25
25
51
109
33
19
139
90
83
22
37
224
0
91
10
232
10
34
30
198
30
18
30
60
15
25
22
43
29
34
79
83
98
12
76
53
94
3
