0
0
0
0
45
19
6
2
29
94
93
2
25
128
85
16
20
83
27
10
1
97
5
3
25
47
0
18
0
0
0
0
98
16
0
6
45
57
16
6
8
86
52
8
26
111
61
20
42
108
33
21
92
32
33
17
0
0
0
0
69
4
3
8
41
49
26
4
7
77
46
8
40
49
44
27
51
67
70
16
42
14
48
0
0
0
0
0
68
4
6
2
54
55
31
6
5
43
30
6
10
17
15
16
20
64
31
25
16
103
15
18
0
0
0
0
51
12
7
12
41
28
12
9
14
67
29
14
7
64
23
10
6
94
26
10
95
154
39
28
7
13
0
4
24
23
0
15
25
82
16
19
12
69
20
11
20
115
17
24
16
83
34
11
79
62
85
2
74
100
15
149
29
84
6
49
24
68
5
21
9
85
22
14
23
176
79
12
47
98
98
7
23
25
38
0
