0
0
0
0
8
19
6
3
15
68
25
2
28
208
68
10
25
232
75
18
20
68
27
21
9
2
5
4
0
0
0
0
51
26
13
12
29
118
29
12
2
202
33
7
24
160
46
8
51
27
44
6
9
2
5
4
0
0
0
0
70
1
6
9
45
84
37
14
6
207
52
13
35
150
34
17
32
37
23
12
2
2
0
2
4
0
6
0
65
4
25
2
30
76
42
8
5
206
48
7
11
188
28
9
12
139
9
12
12
84
5
21
16
70
12
32
31
67
44
22
18
136
48
20
4
165
25
8
11
158
18
9
7
155
11
5
126
117
16
27
23
96
11
110
33
62
15
94
37
91
12
70
32
72
3
83
34
43
6
63
17
41
7
67
154
23
45
10
12
14
2
60
23
54
0
93
26
75
0
71
31
89
0
82
18
95
6
117
18
169
30
103
97
74
93
30
