7
0
3
0
81
11
39
1
83
82
62
7
11
91
32
4
14
115
14
11
35
46
8
13
12
0
1
1
11
4
3
0
41
30
21
12
28
41
20
11
20
114
37
7
48
110
61
19
60
42
35
7
12
0
1
1
0
4
0
0
52
20
8
8
57
44
23
14
21
132
52
11
32
150
67
11
17
85
28
2
6
40
2
0
0
0
0
0
64
0
11
1
51
78
34
9
5
204
62
7
4
182
68
4
5
140
50
1
107
156
19
10
0
0
0
0
35
25
18
12
20
110
36
10
2
151
38
3
0
122
32
4
0
78
23
5
226
34
11
9
62
61
15
0
38
42
16
20
27
51
9
19
27
47
2
42
18
19
0
37
0
64
2
36
171
73
25
31
168
110
32
18
71
35
7
23
53
61
3
31
16
14
0
32
19
33
0
32
24
68
10
24
154
111
95
24
