38
58
21
11
13
130
54
5
4
194
81
13
10
120
39
23
0
67
0
5
6
31
0
11
5
0
0
3
93
22
7
28
22
108
16
10
2
137
19
4
7
116
14
11
32
143
2
15
90
39
2
19
19
0
2
3
81
6
3
24
61
58
20
25
10
76
20
4
3
44
4
9
66
62
10
34
120
26
19
21
24
0
2
0
69
4
1
18
45
58
27
40
5
31
12
18
0
0
0
0
12
15
7
30
49
42
8
45
28
6
0
12
26
7
0
15
40
73
9
40
2
103
10
23
0
72
0
0
0
73
0
1
18
78
0
16
51
49
0
64
36
35
0
45
31
46
0
25
20
78
0
32
22
86
0
34
14
67
4
23
20
66
6
48
131
30
0
97
43
59
11
163
50
53
14
67
36
59
0
69
39
42
0
47
19
14
2
29
33
41
20
52
209
174
41
76
