8
0
2
0
37
33
22
4
25
111
96
12
22
172
107
7
66
69
17
2
20
4
0
0
0
0
0
0
22
0
2
2
99
24
20
15
28
133
45
12
6
102
53
9
68
11
10
9
27
3
1
3
0
0
0
0
30
0
0
2
87
13
6
10
15
88
39
10
4
65
41
6
23
72
43
18
15
57
26
16
17
66
11
18
32
0
0
0
81
8
3
2
1
30
25
2
9
69
58
6
15
109
82
18
19
119
57
13
112
75
13
40
27
0
2
3
76
20
21
9
5
102
74
5
5
104
88
3
8
75
58
15
10
44
21
15
198
9
4
21
39
39
16
36
66
20
22
34
22
60
38
36
29
74
30
33
52
38
17
43
58
10
6
44
222
0
13
5
108
67
11
106
54
44
3
45
22
57
16
57
26
36
10
38
45
42
0
29
64
29
2
99
164
61
100
47
