33
0
9
2
108
47
61
26
44
142
51
25
6
189
46
9
55
102
23
36
29
6
4
9
0
0
0
0
41
0
5
6
82
43
12
41
10
137
39
18
11
159
73
11
68
58
46
10
39
0
9
2
0
0
0
0
26
0
0
4
84
19
7
18
20
140
46
20
5
168
74
5
25
98
45
0
19
22
9
0
0
17
1
2
13
0
0
1
86
7
8
11
33
107
42
8
0
168
52
0
9
132
51
0
6
109
23
0
31
123
1
37
2
0
1
1
80
28
13
7
45
107
36
8
4
124
50
6
10
99
44
13
9
113
19
37
126
103
32
41
2
60
2
26
18
60
14
24
11
125
21
31
17
85
21
21
19
66
14
55
15
57
12
48
125
59
68
26
6
146
8
56
12
52
7
19
5
78
8
31
4
46
14
14
6
22
17
11
36
71
93
4
73
50
121
2
