6
1
2
1
24
29
32
1
4
133
77
4
0
191
108
1
0
109
24
9
6
25
0
21
5
0
0
3
17
1
2
2
66
9
24
17
20
118
44
18
0
235
8
1
5
168
11
14
56
26
11
23
16
0
3
3
11
0
0
1
74
5
10
21
31
114
39
18
1
223
22
4
34
163
23
16
58
26
34
8
11
0
3
0
0
0
0
0
86
3
4
3
43
104
37
10
1
205
30
8
25
184
21
38
41
106
9
32
10
22
0
12
0
0
0
0
78
23
2
3
49
141
8
16
0
211
8
3
0
187
7
14
8
154
2
40
10
55
0
29
50
25
18
33
45
47
0
26
40
101
3
28
56
130
9
13
42
131
12
11
18
102
2
40
50
77
2
87
114
47
20
81
42
22
10
52
62
31
17
54
111
11
24
32
84
22
16
32
39
55
16
26
120
123
124
45
